
metadata:
    version:
        essentia: "2.1-beta5-dev"
        essentia_git_sha: "v2.1_beta4-403-g72928a8c"
        extractor: "music 2.0"
    audio_properties:
        analysis:
            equal_loudness: 0
            length: 268.173065186
            sample_rate: 44100
            start_time: 0
            downmix: "mix"
        bit_rate: 128000
        length: 268.173065186
        lossless: 0
        number_channels: 2
        replay_gain: -16.1225395203
        sample_rate: 44100
        codec: "mp3"
        md5_encoded: "21cc08efb1b31b879cd57bc3c157ce4d"
    tags:
        file_name: "TakeTheFall.mp3"

lowlevel:
    average_loudness: 0.904122531414
    barkbands_crest:
        mean: 12.7498941422
        stdev: 5.7480711937
    barkbands_flatness_db:
        mean: 0.143816053867
        stdev: 0.0897958353162
    barkbands_kurtosis:
        mean: 10.3581809998
        stdev: 41.0215797424
    barkbands_skewness:
        mean: 1.99478673935
        stdev: 2.28847336769
    barkbands_spread:
        mean: 29.6739006042
        stdev: 18.3144817352
    dissonance:
        mean: 0.472868323326
        stdev: 0.0330798998475
    dynamic_complexity: 3.66157770157
    erbbands_crest:
        mean: 8.91424274445
        stdev: 5.44988775253
    erbbands_flatness_db:
        mean: 0.144116103649
        stdev: 0.0762868970633
    erbbands_kurtosis:
        mean: 1.14064228535
        stdev: 5.78319168091
    erbbands_skewness:
        mean: 0.240642651916
        stdev: 0.99078142643
    erbbands_spread:
        mean: 44.8485870361
        stdev: 23.7420425415
    hfc:
        mean: 33.2230491638
        stdev: 27.434923172
    loudness_ebu128:
        integrated: -5.26468896866
        loudness_range: 6.75793647766
        momentary:
            mean: -7.53579473495
            stdev: 8.15933799744
        short_term:
            mean: -6.68444919586
            stdev: 5.15183496475
    melbands_crest:
        mean: 19.8589954376
        stdev: 7.88159751892
    melbands_flatness_db:
        mean: 0.202046334743
        stdev: 0.103810705245
    melbands_kurtosis:
        mean: 37.2045402527
        stdev: 106.036102295
    melbands_skewness:
        mean: 3.76022291183
        stdev: 3.38140177727
    melbands_spread:
        mean: 25.8961772919
        stdev: 19.8817863464
    pitch_salience:
        mean: 0.458869427443
        stdev: 0.166844144464
    silence_rate_20dB:
        mean: 1
        stdev: 0
    silence_rate_30dB:
        mean: 0.969786167145
        stdev: 0.171180829406
    silence_rate_60dB:
        mean: 0.0818111002445
        stdev: 0.274066478014
    spectral_centroid:
        mean: 1813.98046875
        stdev: 866.223510742
    spectral_complexity:
        mean: 23.0428543091
        stdev: 13.2327051163
    spectral_decrease:
        mean: -1.01138937225e-08
        stdev: 7.81325670829e-09
    spectral_energy:
        mean: 0.0411855652928
        stdev: 0.0305056590587
    spectral_energyband_high:
        mean: 0.00246713357046
        stdev: 0.00275390921161
    spectral_energyband_low:
        mean: 0.0236303862184
        stdev: 0.0285019855946
    spectral_energyband_middle_high:
        mean: 0.00614720163867
        stdev: 0.00616782531142
    spectral_energyband_middle_low:
        mean: 0.00947249587625
        stdev: 0.0134436450899
    spectral_entropy:
        mean: 7.83035230637
        stdev: 0.675191700459
    spectral_flux:
        mean: 0.0899682417512
        stdev: 0.0668978244066
    spectral_kurtosis:
        mean: 6.15236663818
        stdev: 21.7646331787
    spectral_rms:
        mean: 0.00577455200255
        stdev: 0.00261447113007
    spectral_rolloff:
        mean: 1772.38305664
        stdev: 1776.86157227
    spectral_skewness:
        mean: 1.51642203331
        stdev: 1.35870349407
    spectral_spread:
        mean: 5592031
        stdev: 1938764.5
    spectral_strongpeak:
        mean: 0.825792133808
        stdev: 1.05977845192
    zerocrossingrate:
        mean: 0.0719687044621
        stdev: 0.0419243648648
    barkbands:
        mean: [0.00271673710085, 0.0175590757281, 0.00296072592027, 0.00134090939537, 0.0032370032277, 0.00129307911266, 0.000894290336873, 0.00149151158985, 0.000954661518335, 0.00127362261992, 0.000545022077858, 0.000574940699153, 0.000865081034135, 0.000526611343957, 0.000541181303561, 0.000385496561648, 0.000458224501926, 0.000437925278675, 0.000482559611555, 0.000407850457123, 0.000525859592017, 0.000420813565142, 0.000422555254772, 0.000425628619269, 0.000301061198115, 0.000133658497361, 9.27304699871e-06]
        stdev: [0.00509746652097, 0.0217193290591, 0.0117052160203, 0.00467584049329, 0.00933730974793, 0.00240250304341, 0.0025787956547, 0.00375355337746, 0.00212698965333, 0.00334491790272, 0.00152896053623, 0.00100678915624, 0.00215718732215, 0.00131246412639, 0.000663006154355, 0.000480183342006, 0.000588934111875, 0.000511584803462, 0.000584041234106, 0.000452024833066, 0.000807728909422, 0.000526406685822, 0.000568034709431, 0.000534177524969, 0.000399296666728, 0.000187568977708, 1.75195618795e-05]
    erbbands:
        mean: [0.717558801174, 3.10650587082, 3.92808008194, 3.9398560524, 9.88327407837, 8.73916530609, 9.99114322662, 10.3660316467, 13.0242023468, 14.2015380859, 38.3010063171, 26.7272663116, 22.8272438049, 43.7760429382, 22.9919872284, 28.8973484039, 39.8278274536, 30.9263725281, 32.4472503662, 21.6393718719, 21.4888458252, 24.2583007812, 23.6283245087, 25.3306236267, 23.4004383087, 20.3978004456, 22.6183319092, 17.4903736115, 15.765460968, 13.5421056747, 11.9035043716, 9.634765625, 6.49639177322, 3.73274159431, 1.97896945477, 0.752766013145, 0.2113648206, 0.0350910015404, 0.00105804856867, 8.83554384927e-05]
        stdev: [0.781402945518, 5.16928911209, 13.3441724777, 13.3386545181, 30.7569408417, 26.2459411621, 18.7359371185, 21.4400806427, 33.819103241, 32.1365699768, 100.165977478, 58.4089164734, 59.7607917786, 118.382339478, 50.2559089661, 49.1131820679, 96.1045684814, 78.4251022339, 40.9882469177, 23.3648319244, 25.0296115875, 34.3141899109, 25.8806533813, 32.761932373, 27.2732715607, 22.3961791992, 38.0256729126, 22.6632137299, 20.4514122009, 16.9664096832, 16.0054359436, 12.812374115, 8.49666976929, 5.07486915588, 2.65513801575, 1.05134880543, 0.302807301283, 0.055528011173, 0.00176313740667, 7.37245572964e-05]
    gfcc:
        mean: [4.60744810104, 54.4347305298, -112.245880127, 35.6556816101, -56.276725769, 23.3677787781, -37.2079086304, 13.8807783127, -23.3113937378, 7.62958908081, -14.4468955994, 1.67619872093, -11.6261415482]
        cov: [[24680.3671875, -2392.69824219, -522.68737793, 483.158081055, -1221.35949707, 1719.19689941, 645.105773926, 1542.79589844, -165.139450073, 867.985778809, 1.90804350376, 907.30279541, -28.9257392883], [-2392.69824219, 2393.02490234, 342.078613281, -102.58228302, 81.8114471436, -544.821716309, -73.153137207, -427.675842285, 27.3686828613, -306.807128906, 94.5663604736, -281.460144043, 72.8176803589], [-522.68737793, 342.078613281, 1802.59790039, 461.368621826, 163.799407959, 191.875045776, 76.6383056641, 107.651786804, -24.5399341583, 47.0767784119, -25.2368583679, 63.1243362427, -43.0330352783], [483.158081055, -102.58228302, 461.368621826, 734.668334961, 309.211151123, 324.434631348, 292.819976807, 169.15512085, 197.085113525, 122.041175842, 81.6057739258, 112.967025757, 50.6391792297], [-1221.35949707, 81.8114471436, 163.799407959, 309.211151123, 571.762634277, 217.180496216, 241.292236328, 57.9540786743, 171.223251343, 77.2761993408, 100.555229187, 55.0394439697, 65.8246612549], [1719.19689941, -544.821716309, 191.875045776, 324.434631348, 217.180496216, 572.551452637, 307.56829834, 297.565490723, 130.77180481, 215.518157959, 63.5287590027, 178.249954224, 19.9204826355], [645.105773926, -73.153137207, 76.6383056641, 292.819976807, 241.292236328, 307.56829834, 395.771789551, 226.150543213, 201.909088135, 149.522918701, 96.7455444336, 107.045791626, 44.7720603943], [1542.79589844, -427.675842285, 107.651786804, 169.15512085, 57.9540786743, 297.565490723, 226.150543213, 399.201721191, 155.496948242, 215.000976562, 77.4426269531, 140.689300537, 18.7555923462], [-165.139450073, 27.3686828613, -24.5399341583, 197.085113525, 171.223251343, 130.77180481, 201.909088135, 155.496948242, 268.822540283, 135.72883606, 108.794319153, 50.7598762512, 44.0612030029], [867.985778809, -306.807128906, 47.0767784119, 122.041175842, 77.2761993408, 215.518157959, 149.522918701, 215.000976562, 135.72883606, 213.596572876, 94.324836731, 125.715614319, 25.1217784882], [1.90804350376, 94.5663604736, -25.2368583679, 81.6057739258, 100.555229187, 63.5287590027, 96.7455444336, 77.4426269531, 108.794319153, 94.324836731, 141.004806519, 76.3577957153, 55.6425361633], [907.30279541, -281.460144043, 63.1243362427, 112.967025757, 55.0394439697, 178.249954224, 107.045791626, 140.689300537, 50.7598762512, 125.715614319, 76.3577957153, 175.606781006, 58.4724884033], [-28.9257392883, 72.8176803589, -43.0330352783, 50.6391792297, 65.8246612549, 19.9204826355, 44.7720603943, 18.7555923462, 44.0612030029, 25.1217784882, 55.6425361633, 58.4724884033, 98.2117080688]]
        icov: [[0.000143506011227, -0.000258970627328, 0.000242586524109, -0.000256314931903, 0.000402603007387, -0.000394966831664, 9.31138565647e-05, -0.000464038079372, 0.000520544999745, -0.000432223285316, 0.000592032505665, -0.000679188931827, 0.000275147001958], [-0.000258970627328, 0.00183884648141, -0.00108984438702, 0.00087957730284, -0.00040576903848, 0.00122379453387, -0.00129566877149, 0.00166158436332, -0.00136230827775, 0.00228602974676, -0.00383097259328, 0.00353820784949, -0.00198328704573], [0.000242586524109, -0.00108984438702, 0.00147610262502, -0.00125443097204, 0.00031629978912, -0.000752924301196, 0.000893898541108, -0.00145462935325, 0.0016276674578, -0.0015675497707, 0.00244506332092, -0.00241892156191, 0.00170971464831], [-0.000256314931903, 0.00087957730284, -0.00125443097204, 0.00344774709083, -0.000991955748759, -6.14087693975e-05, -0.00115916540381, 0.00143232767005, -0.00269079534337, 0.00230867648497, -0.00166732398793, 0.00116789364256, -0.00125684926752], [0.000402603007387, -0.00040576903848, 0.00031629978912, -0.000991955748759, 0.00440048100427, -0.00206604786217, -0.0010183295235, 0.000154652967467, 0.000489006866701, -0.000599069986492, -0.000163629709277, -0.000373914343072, -0.000776929140557], [-0.000394966831664, 0.00122379453387, -0.000752924301196, -6.14087693975e-05, -0.00206604786217, 0.00682663265616, -0.00289640924893, 0.000391773035517, 0.000178965157829, -0.00110554276034, -0.000383949081879, 0.000342230807291, 0.000139987678267], [9.31138565647e-05, -0.00129566877149, 0.000893898541108, -0.00115916540381, -0.0010183295235, -0.00289640924893, 0.00834282208234, -0.00281731062569, -0.00216397852637, 0.000525445037056, 0.00177047692705, -0.00269631063566, 0.00142085878178], [-0.000464038079372, 0.00166158436332, -0.00145462935325, 0.00143232767005, 0.000154652967467, 0.000391773035517, -0.00281731062569, 0.00922660343349, -0.00330404192209, -0.00219631823711, -0.00241093034856, 0.0026386261452, -0.00156624463852], [0.000520544999745, -0.00136230827775, 0.0016276674578, -0.00269079534337, 0.000489006866701, 0.000178965157829, -0.00216397852637, -0.00330404192209, 0.0131150111556, -0.0076930928044, -0.000187653975445, 0.00182923232205, -0.000381375430152], [-0.000432223285316, 0.00228602974676, -0.0015675497707, 0.00230867648497, -0.000599069986492, -0.00110554276034, 0.000525445037056, -0.00219631823711, -0.0076930928044, 0.0223252791911, -0.00980068650097, -0.00237669819035, 0.00181460636668], [0.000592032505665, -0.00383097259328, 0.00244506332092, -0.00166732398793, -0.000163629709277, -0.000383949081879, 0.00177047692705, -0.00241093034856, -0.000187653975445, -0.00980068650097, 0.0240792483091, -0.011257654056, 0.000438026530901], [-0.000679188931827, 0.00353820784949, -0.00241892156191, 0.00116789364256, -0.000373914343072, 0.000342230807291, -0.00269631063566, 0.0026386261452, 0.00182923232205, -0.00237669819035, -0.011257654056, 0.0243202764541, -0.0118932155892], [0.000275147001958, -0.00198328704573, 0.00170971464831, -0.00125684926752, -0.000776929140557, 0.000139987678267, 0.00142085878178, -0.00156624463852, -0.000381375430152, 0.00181460636668, 0.000438026530901, -0.0118932155892, 0.0198141504079]]
    melbands:
        mean: [0.00573527161032, 0.00275410315953, 0.000861413020175, 0.000740471121389, 0.000342330371495, 0.000232218313613, 0.000198351219296, 0.000174271903234, 0.000301884894725, 0.000152195018018, 0.000112640227599, 0.000184246455319, 6.91479435773e-05, 7.06651408109e-05, 8.06862663012e-05, 8.00611451268e-05, 5.53572717763e-05, 5.16126929142e-05, 3.32910130965e-05, 2.87153052341e-05, 2.47807747655e-05, 2.52667523455e-05, 2.16102307604e-05, 2.24998912017e-05, 1.99680689548e-05, 1.80254537554e-05, 1.39464082167e-05, 1.33421472128e-05, 1.53725904966e-05, 1.12724646897e-05, 9.699488146e-06, 8.99550013855e-06, 7.82019651524e-06, 7.42200381865e-06, 6.90041997586e-06, 6.51483014735e-06, 5.57154817216e-06, 4.65656194137e-06, 3.86635520044e-06, 2.91001992991e-06]
        stdev: [0.00624574488029, 0.00641042832285, 0.0023889511358, 0.00246971240267, 0.000610891846009, 0.0004623735731, 0.000537478132173, 0.000366644642781, 0.00076859863475, 0.000357590935891, 0.000304709858028, 0.000518052780535, 0.000172811298398, 0.000122157623991, 0.000169006394572, 0.000208135126741, 0.000161066433066, 6.9549845648e-05, 3.69474109903e-05, 3.82748366974e-05, 3.09718052449e-05, 3.63784965884e-05, 2.65246344497e-05, 2.71667340712e-05, 2.84211746475e-05, 2.29205670621e-05, 1.62366977747e-05, 1.54574172484e-05, 3.15761462844e-05, 1.46973898154e-05, 1.29109803311e-05, 1.21156344903e-05, 9.86259328783e-06, 9.67098912952e-06, 9.27789278649e-06, 1.01380974229e-05, 7.10291578798e-06, 6.13965585217e-06, 5.45636066818e-06, 4.07258903579e-06]
    melbands128:
        mean: [0.00249622366391, 0.00635571964085, 0.00722986087203, 0.00441380497068, 0.00235118065029, 0.00128840887919, 0.000719610368833, 0.000702898949385, 0.00114207167644, 0.000967786007095, 0.000371975387679, 0.000349792971974, 0.000363444007235, 0.000294339726679, 0.000256475963397, 0.000181136303581, 0.000156979775056, 0.000247266987571, 0.000182367919479, 0.000126055907458, 0.00014391138393, 0.000350376561983, 0.000389802124118, 0.000160594485351, 0.000183308904525, 0.000146707432577, 6.84593978804e-05, 0.000114925693197, 9.49013410718e-05, 0.000300746149151, 0.000173265769263, 5.71469026909e-05, 5.71002165088e-05, 9.72480920609e-05, 3.88147964259e-05, 8.11943755252e-05, 9.1376787168e-05, 4.35835645476e-05, 0.000125015139929, 8.79662620719e-05, 7.25294958102e-05, 5.81817439524e-05, 5.45583752682e-05, 5.59976069781e-05, 4.15254726249e-05, 5.39852298971e-05, 6.57006894471e-05, 2.84666730295e-05, 2.22324688366e-05, 2.79918986053e-05, 3.52378265234e-05, 2.25578442041e-05, 2.09000063478e-05, 2.89046220132e-05, 2.67456434813e-05, 2.15749023482e-05, 2.72681572824e-05, 2.61298828264e-05, 1.6208319721e-05, 1.99409951165e-05, 2.51272431342e-05, 1.95559950953e-05, 2.69316933554e-05, 1.76631019713e-05, 1.41304790304e-05, 1.94925451069e-05, 1.96116907318e-05, 1.50813029904e-05, 1.22066221593e-05, 1.32666182253e-05, 1.16306810014e-05, 1.53693763423e-05, 1.4662434296e-05, 1.70973926288e-05, 1.23631134556e-05, 1.23732488646e-05, 1.03048223536e-05, 9.82071014732e-06, 1.04066211861e-05, 8.67589187692e-06, 8.23322534416e-06, 9.81837547442e-06, 8.91360195965e-06, 7.01897533872e-06, 7.64232390793e-06, 7.66336779634e-06, 7.27557926439e-06, 6.95684320817e-06, 7.14782117939e-06, 6.77306161379e-06, 6.01317515248e-06, 6.87863121129e-06, 6.5858371272e-06, 5.35617800779e-06, 5.20323374076e-06, 4.76594505017e-06, 4.56500947621e-06, 4.41108340965e-06, 4.12674216932e-06, 3.48867024513e-06, 3.05627031594e-06, 2.87605803351e-06, 2.64066216005e-06, 2.46199215326e-06, 2.40138433583e-06, 1.95499865185e-06, 1.73928424374e-06, 1.60048944053e-06, 1.26993290905e-06, 9.47636010551e-07, 9.30437067836e-07, 7.86121063356e-07, 6.178587455e-07, 5.32433375611e-07, 4.06111155371e-07, 3.51184070269e-07, 2.74626160035e-07, 9.97787950041e-08, 1.38467628474e-08, 2.61771626597e-09, 2.55897458779e-09, 2.50929299561e-09, 2.41348607766e-09, 2.35381647506e-09, 2.28943175529e-09, 2.2301016589e-09, 2.19885576414e-09, 2.19825313508e-09]
        stdev: [0.0046631237492, 0.00768250273541, 0.00943206809461, 0.00925553031266, 0.00805326644331, 0.00509253609926, 0.00297899055295, 0.00221234653145, 0.00374531070702, 0.00429701991379, 0.00142253446393, 0.00074459874304, 0.000820896588266, 0.000614787859377, 0.000654955627397, 0.000494084670208, 0.000421455886681, 0.00089332612697, 0.000773849023972, 0.00035204726737, 0.000404918362619, 0.00103247840889, 0.00115600030404, 0.000483062758576, 0.000529012526385, 0.000457841670141, 0.000258842570474, 0.000526080955751, 0.000287524686428, 0.00103515444789, 0.000523612776306, 0.000271337223239, 0.000210620928556, 0.000302962260321, 8.09134653537e-05, 0.000199287023861, 0.000203421994229, 9.53121125349e-05, 0.000455148256151, 0.000269573181868, 0.000316493154969, 0.000268664240139, 0.000251546764048, 0.000189177371794, 9.48479864746e-05, 0.000102684833109, 0.000107917170681, 4.4660664571e-05, 3.92860456486e-05, 4.64062395622e-05, 6.65004190523e-05, 3.69544250134e-05, 4.09308049711e-05, 4.14177156927e-05, 3.78572985937e-05, 4.49429608125e-05, 6.68972206768e-05, 4.3507960072e-05, 2.31384965446e-05, 3.20504586853e-05, 4.12057488575e-05, 3.40423757734e-05, 5.73930883547e-05, 3.10340474243e-05, 2.2610916858e-05, 3.11414951284e-05, 3.21411171171e-05, 2.39502369368e-05, 1.73235202965e-05, 1.84702730621e-05, 1.6015033907e-05, 2.43429913098e-05, 3.20377148455e-05, 4.87996803713e-05, 1.91106610146e-05, 1.76632383955e-05, 1.66437894222e-05, 1.86502875295e-05, 1.54095414473e-05, 1.28545407279e-05, 1.21069242596e-05, 1.5395180526e-05, 1.45946260091e-05, 9.66353309195e-06, 1.08159283627e-05, 1.16387163871e-05, 9.90935495793e-06, 1.01555897345e-05, 1.07096811917e-05, 1.04782648123e-05, 9.10506878427e-06, 1.38360237543e-05, 1.07302366814e-05, 7.37086247682e-06, 6.96463757777e-06, 7.02080615156e-06, 6.32407682133e-06, 7.03411205905e-06, 6.48650075163e-06, 5.28819191459e-06, 4.69321184937e-06, 4.48599348601e-06, 3.8045607198e-06, 3.79550874641e-06, 3.72391764358e-06, 2.69012252829e-06, 2.70077907771e-06, 2.49897402682e-06, 1.88171065929e-06, 1.51564540829e-06, 1.52895813699e-06, 1.24422069803e-06, 9.41262271681e-07, 8.48007516652e-07, 6.6614154548e-07, 6.21932599643e-07, 5.09275764671e-07, 3.00080074567e-07, 5.58846728893e-08, 5.28153387691e-09, 5.08441644342e-09, 5.0439683541e-09, 4.88094498152e-09, 4.86281814815e-09, 4.69774130707e-09, 4.45063319532e-09, 4.45181491671e-09, 4.48104264805e-09]
    mfcc:
        mean: [-629.040344238, 82.6288070679, 3.9760992527, 16.3782863617, 6.9876036644, 7.83561897278, 3.36592316628, 4.16466712952, 0.45583319664, 5.15326452255, 1.21619057655, 2.20680308342, -1.07583677769]
        cov: [[12427.7578125, -670.564697266, -56.4818878174, -121.999488831, -283.021026611, 231.577560425, 521.989013672, 634.085327148, 421.488189697, 404.843322754, 381.567779541, 454.196533203, 386.505584717], [-670.564697266, 1564.15686035, -85.465057373, 17.2572288513, -11.6690330505, -155.045135498, -111.24584198, -222.162658691, -196.760513306, -95.7832794189, -123.331268311, -146.232376099, -125.847801208], [-56.4818878174, -85.465057373, 944.974182129, 295.242523193, 245.092514038, 207.105712891, 141.336456299, 129.329345703, 83.6395339966, 54.12550354, 56.8452720642, 51.291229248, 62.9974021912], [-121.999488831, 17.2572288513, 295.242523193, 468.658050537, 187.987640381, 212.644821167, 117.162696838, 142.3412323, 116.995285034, 73.8771286011, 71.2542877197, 80.1847305298, 92.0178909302], [-283.021026611, -11.6690330505, 245.092514038, 187.987640381, 286.515838623, 183.139312744, 118.143096924, 101.22240448, 82.722618103, 61.9216384888, 50.7383422852, 58.7268409729, 61.3287773132], [231.577560425, -155.045135498, 207.105712891, 212.644821167, 183.139312744, 397.447662354, 198.60017395, 206.740081787, 150.131439209, 94.4510955811, 118.49206543, 99.2337265015, 100.414764404], [521.989013672, -111.24584198, 141.336456299, 117.162696838, 118.143096924, 198.60017395, 250.479949951, 188.90725708, 134.005996704, 106.069229126, 97.3940505981, 103.158226013, 88.5395278931], [634.085327148, -222.162658691, 129.329345703, 142.3412323, 101.22240448, 206.740081787, 188.90725708, 254.687408447, 187.515914917, 135.930389404, 135.735153198, 134.278656006, 121.902519226], [421.488189697, -196.760513306, 83.6395339966, 116.995285034, 82.722618103, 150.131439209, 134.005996704, 187.515914917, 217.42779541, 149.984024048, 135.797409058, 123.951309204, 110.095031738], [404.843322754, -95.7832794189, 54.12550354, 73.8771286011, 61.9216384888, 94.4510955811, 106.069229126, 135.930389404, 149.984024048, 171.362838745, 133.457351685, 115.226501465, 95.4979782104], [381.567779541, -123.331268311, 56.8452720642, 71.2542877197, 50.7383422852, 118.49206543, 97.3940505981, 135.735153198, 135.797409058, 133.457351685, 177.456451416, 140.156311035, 111.065063477], [454.196533203, -146.232376099, 51.291229248, 80.1847305298, 58.7268409729, 99.2337265015, 103.158226013, 134.278656006, 123.951309204, 115.226501465, 140.156311035, 175.677505493, 131.676895142], [386.505584717, -125.847801208, 62.9974021912, 92.0178909302, 61.3287773132, 100.414764404, 88.5395278931, 121.902519226, 110.095031738, 95.4979782104, 111.065063477, 131.676895142, 155.072631836]]
        icov: [[0.000110697619675, -5.54397593078e-06, -2.12784598261e-05, 7.11977409082e-05, 0.000247650255915, 1.71366482391e-05, -0.000134753179736, -0.000279966247035, 0.000102498292108, -0.000123685662402, 0.000122064113384, -0.000130878979689, -9.89172040136e-05], [-5.54397593078e-06, 0.000824648013804, 0.000114215603389, -0.000380346697057, -0.000183981101145, 0.000163345015608, -0.000363303435734, 0.000713976682164, 0.000707790546585, -0.000548621814232, -0.00027422994026, 0.000486521632411, 9.4151502708e-05], [-2.12784598261e-05, 0.000114215603389, 0.00151503807865, -0.000654965464491, -0.000947750522755, 9.21774480958e-05, -0.000289364397759, -0.000139661395224, 0.000369868095731, 0.00016820539895, -0.000465891062049, 0.00052631215658, 2.96243470075e-05], [7.11977409082e-05, -0.000380346697057, -0.000654965464491, 0.00379488593899, -0.000860598520376, -0.000999670708552, 0.000748506688979, -0.000994734233245, -0.000885973335244, 0.000204113966902, 0.00104600761551, -0.000497061933856, -0.000953395850956], [0.000247650255915, -0.000183981101145, -0.000947750522755, -0.000860598520376, 0.00703780259937, -0.00195869104937, -0.00133173551876, 0.000776400789618, -0.000248926575296, -0.00154776719864, 0.00212758360431, -0.00128351361491, -0.000539906672202], [1.71366482391e-05, 0.000163345015608, 9.21774480958e-05, -0.000999670708552, -0.00195869104937, 0.00644253240898, -0.00221689557657, -0.00261923507787, -0.000237006795942, 0.00259110890329, -0.00346493627876, 0.00234543951228, -0.000364167091902], [-0.000134753179736, -0.000363303435734, -0.000289364397759, 0.000748506688979, -0.00133173551876, -0.00221689557657, 0.0110666267574, -0.0064280773513, 0.00103593734093, -0.00199029431678, 0.00222646049224, -0.00214823451824, 0.00113089685328], [-0.000279966247035, 0.000713976682164, -0.000139661395224, -0.000994734233245, 0.000776400789618, -0.00261923507787, -0.0064280773513, 0.0204235967249, -0.00861006509513, 0.000204126627068, -0.000731132866349, -0.000988580868579, -0.00172147713602], [0.000102498292108, 0.000707790546585, 0.000369868095731, -0.000885973335244, -0.000248926575296, -0.000237006795942, 0.00103593734093, -0.00861006509513, 0.019779201597, -0.00952942483127, -0.00131063174922, 0.000646126572974, -0.000660662306473], [-0.000123685662402, -0.000548621814232, 0.00016820539895, 0.000204113966902, -0.00154776719864, 0.00259110890329, -0.00199029431678, 0.000204126627068, -0.00952942483127, 0.0217870809138, -0.00957812182605, 4.96070751979e-05, -0.000249949196586], [0.000122064113384, -0.00027422994026, -0.000465891062049, 0.00104600761551, 0.00212758360431, -0.00346493627876, 0.00222646049224, -0.000731132866349, -0.00131063174922, -0.00957812182605, 0.0237556323409, -0.0118549764156, -0.000371145026293], [-0.000130878979689, 0.000486521632411, 0.00052631215658, -0.000497061933856, -0.00128351361491, 0.00234543951228, -0.00214823451824, -0.000988580868579, 0.000646126572974, 4.96070751979e-05, -0.0118549764156, 0.025463335216, -0.0118255726993], [-9.89172040136e-05, 9.4151502708e-05, 2.96243470075e-05, -0.000953395850956, -0.000539906672202, -0.000364167091902, 0.00113089685328, -0.00172147713602, -0.000660662306473, -0.000249949196586, -0.000371145026293, -0.0118255726993, 0.0194123759866]]
    spectral_contrast_coeffs:
        mean: [-0.694748401642, -0.763904392719, -0.776947438717, -0.799943029881, -0.799376726151, -0.766631424427]
        stdev: [0.102894261479, 0.0750901550055, 0.0671213716269, 0.0499796979129, 0.0421807840466, 0.0508062504232]
    spectral_contrast_valleys:
        mean: [-7.19241142273, -7.04603481293, -7.49928188324, -7.51198959351, -7.37315702438, -9.748878479]
        stdev: [1.58301317692, 1.59950530529, 1.62952530384, 1.51735568047, 1.66464722157, 1.90425360203]

rhythm:
    beats_count: 650
    beats_loudness:
        mean: 0.0587484464049
        stdev: 0.0470023676753
    bpm: 144.733825684
    bpm_histogram_first_peak_bpm: 144
    bpm_histogram_first_peak_weight: 0.333901166916
    bpm_histogram_second_peak_bpm: 152
    bpm_histogram_second_peak_spread: 0
    bpm_histogram_second_peak_weight: 0.049306627363
    danceability: 1.0657068491
    onset_rate: 3.87784075737
    beats_loudness_band_ratio:
        mean: [0.509056508541, 0.229140207171, 0.11731351167, 0.0893115326762, 0.0760373324156, 0.0711261853576]
        stdev: [0.317939966917, 0.283581793308, 0.151452764869, 0.126517772675, 0.119082435966, 0.0795801579952]
    beats_position: [0.429569154978, 0.870748281479, 1.31192743778, 1.75310659409, 2.19428563118, 2.63546490669, 3.06503391266, 3.48299312592, 3.90095233917, 4.31891155243, 4.73687076569, 5.15482997894, 5.5727891922, 5.97913837433, 6.39709758759, 6.81505680084, 7.22140598297, 7.6277551651, 8.04571437836, 8.45206356049, 8.87002277374, 9.287981987, 9.70594120026, 10.1239004135, 10.5418596268, 10.9482088089, 11.354557991, 11.7725172043, 12.1904764175, 12.6084346771, 13.0263938904, 13.4443531036, 13.8507022858, 14.2570514679, 14.6750106812, 15.0813598633, 15.4877090454, 15.8940582275, 16.3004074097, 16.7183666229, 17.1363258362, 17.5542850494, 17.9722442627, 18.390203476, 18.8081626892, 19.2029018402, 19.6208610535, 20.0388202667, 20.45677948, 20.8631286621, 21.2810878754, 21.6874370575, 22.1053962708, 22.523355484, 22.9413146973, 23.3476638794, 23.7656230927, 24.1719722748, 24.589931488, 25.0078907013, 25.4258499146, 25.8205890656, 26.2385482788, 26.6565074921, 27.0744667053, 27.4924259186, 27.9103851318, 28.3051242828, 28.7230834961, 29.1410427094, 29.5590019226, 29.9769611359, 30.3949203491, 30.8128795624, 31.2308387756, 31.6487979889, 32.0551452637, 32.4847145081, 32.8910636902, 33.3090248108, 33.7269821167, 34.1449432373, 34.5629005432, 34.9808616638, 35.3988189697, 35.8051681519, 36.211517334, 36.6178665161, 37.0242156982, 37.4305648804, 37.8369140625, 38.2432632446, 38.6496124268, 39.0559616089, 39.4739227295, 39.8802719116, 40.309841156, 40.7394104004, 41.1573677063, 41.5753288269, 41.981678009, 42.3996353149, 42.8059844971, 43.2123336792, 43.6302947998, 44.0482521057, 44.4662132263, 44.8841705322, 45.2905197144, 45.6968688965, 46.1148300171, 46.532787323, 46.9391365051, 47.3454856873, 47.7634468079, 48.1814041138, 48.5993652344, 49.0173225403, 49.4236717224, 49.8300209045, 50.2479820251, 50.6659393311, 51.0839004517, 51.5018577576, 51.9082069397, 52.3145561218, 52.7325172424, 53.1504745483, 53.5568237305, 53.9631729126, 54.3811340332, 54.7990913391, 55.2170524597, 55.6234016418, 56.029750824, 56.4477081299, 56.8656692505, 57.2836265564, 57.701587677, 58.1195449829, 58.5375061035, 58.9438552856, 59.3502044678, 59.7681617737, 60.1745109558, 60.5808601379, 60.9988212585, 61.4167785645, 61.8347396851, 62.252696991, 62.6590461731, 63.0653953552, 63.4833564758, 63.9013137817, 64.3192749023, 64.7372360229, 65.1435852051, 65.5499343872, 65.9678878784, 66.385848999, 66.8038101196, 67.2217712402, 67.6281204224, 68.0344696045, 68.4524230957, 68.8587722778, 69.26512146, 69.6830825806, 70.1126480103, 70.5189971924, 70.9601821899, 71.3549194336, 71.7960968018, 72.2140579224, 72.608795166, 73.0035324097, 73.4214935303, 73.8394546509, 74.2574157715, 74.6521530151, 75.0817184448, 75.488067627, 75.8944168091, 76.3007659912, 76.7187271118, 77.1366882324, 77.554649353, 77.9726028442, 78.3905639648, 78.796913147, 79.2264862061, 79.6212234497, 80.0391845703, 80.4571380615, 80.8750991821, 81.2814483643, 81.6877975464, 82.105758667, 82.5237197876, 82.9416732788, 83.3596343994, 83.7543716431, 84.1839447021, 84.5902938843, 85.0082550049, 85.4262084961, 85.8441696167, 86.2389068604, 86.656867981, 87.0748291016, 87.4927902222, 87.9107437134, 88.328704834, 88.7234420776, 89.1414031982, 89.5593643188, 89.9773254395, 90.3836746216, 90.8132400513, 91.2079772949, 91.6259384155, 92.0438995361, 92.4618606567, 92.8565979004, 93.274559021, 93.6925125122, 94.1104736328, 94.5284347534, 94.9347839355, 95.3411331177, 95.7590942383, 96.1770477295, 96.5950088501, 97.0013580322, 97.4193191528, 97.825668335, 98.2436294556, 98.6615829468, 99.0795440674, 99.4858932495, 99.9038543701, 100.310203552, 100.728164673, 101.146118164, 101.552467346, 101.958816528, 102.376777649, 102.79473877, 103.21269989, 103.619049072, 104.037002563, 104.443351746, 104.861312866, 105.279273987, 105.697235107, 106.10358429, 106.509933472, 106.927886963, 107.345848083, 107.763809204, 108.170158386, 108.576507568, 108.994468689, 109.41242218, 109.830383301, 110.248344421, 110.666305542, 111.072654724, 111.490608215, 111.896957397, 112.314918518, 112.732879639, 113.139228821, 113.545578003, 113.963539124, 114.381492615, 114.799453735, 115.205802917, 115.6121521, 116.03011322, 116.448066711, 116.866027832, 117.283988953, 117.701950073, 118.119903564, 118.514648438, 118.932601929, 119.350563049, 119.756912231, 120.163261414, 120.581222534, 120.999183655, 121.405532837, 121.811882019, 122.22983551, 122.647796631, 123.065757751, 123.483718872, 123.901672363, 124.319633484, 124.725982666, 125.132331848, 125.550292969, 125.968254089, 126.374603271, 126.780952454, 127.198905945, 127.616867065, 128.034820557, 128.452789307, 128.870742798, 129.288711548, 129.695053101, 130.101409912, 130.519363403, 130.937316895, 131.343673706, 131.750015259, 132.167984009, 132.5859375, 133.003890991, 133.421859741, 133.828201294, 134.234558105, 134.652511597, 135.070480347, 135.488433838, 135.906387329, 136.312744141, 136.719085693, 137.137054443, 137.555007935, 137.972961426, 138.379318237, 138.797271729, 139.20362854, 139.621582031, 140.039550781, 140.457504272, 140.875457764, 141.281814575, 141.688156128, 142.106124878, 142.524078369, 142.94203186, 143.348388672, 143.754730225, 144.172698975, 144.590652466, 145.008621216, 145.426574707, 145.82131958, 146.239273071, 146.657226562, 147.075195312, 147.493148804, 147.911102295, 148.305847168, 148.723800659, 149.141769409, 149.5597229, 149.97769165, 150.395645142, 150.813598633, 151.219955444, 151.626296997, 152.044265747, 152.462219238, 152.86857605, 153.274917603, 153.692871094, 154.110839844, 154.528793335, 154.935150146, 155.341491699, 155.759460449, 156.17741394, 156.595367432, 157.013336182, 157.431289673, 157.837631226, 158.243988037, 158.661941528, 159.079910278, 159.49786377, 159.904220581, 160.322174072, 160.728515625, 161.146484375, 161.564437866, 161.970794678, 162.37713623, 162.79510498, 163.213058472, 163.631011963, 164.048980713, 164.455322266, 164.873291016, 165.279632568, 165.69758606, 166.103942871, 166.521896362, 166.939865112, 167.346206665, 167.764175415, 168.170516968, 168.576873779, 168.994827271, 169.412780762, 169.830749512, 170.248703003, 170.666656494, 171.073013306, 171.479354858, 171.897323608, 172.3152771, 172.73324585, 173.139587402, 173.545944214, 173.963897705, 174.381851196, 174.788208008, 175.194549561, 175.612518311, 176.030471802, 176.448425293, 176.866394043, 177.284347534, 177.690704346, 178.097045898, 178.526611328, 178.93296814, 179.350921631, 179.757278442, 180.186843872, 180.581588745, 180.999542236, 181.405899048, 181.823852539, 182.230194092, 182.648162842, 183.066116333, 183.484085083, 183.902038574, 184.319992065, 184.726348877, 185.155914307, 185.55065918, 185.968612671, 186.386566162, 186.804534912, 187.210876465, 187.617233276, 188.035186768, 188.453155518, 188.871109009, 189.2890625, 189.683807373, 190.101760864, 190.519729614, 190.937683105, 191.355636597, 191.773605347, 192.168334961, 192.586303711, 193.004257202, 193.422225952, 193.828567505, 194.246520996, 194.652877808, 195.070831299, 195.488800049, 195.90675354, 196.313110352, 196.731063843, 197.137405396, 197.555374146, 197.973327637, 198.391296387, 198.797637939, 199.203994751, 199.621948242, 200.039901733, 200.457870483, 200.864212036, 201.270568848, 201.688522339, 202.10647583, 202.52444458, 202.942398071, 203.348754883, 203.755096436, 204.173049927, 204.591018677, 205.008972168, 205.415328979, 205.833282471, 206.239639282, 206.657592773, 207.075546265, 207.493515015, 207.888244629, 208.306213379, 208.72416687, 209.142120361, 209.560089111, 209.966430664, 210.372787476, 210.790740967, 211.208709717, 211.626663208, 212.044616699, 212.450973511, 212.857315063, 213.275283813, 213.693237305, 214.099594116, 214.505935669, 214.92388916, 215.34185791, 215.759811401, 216.177780151, 216.595733643, 217.002075195, 217.420043945, 217.826385498, 218.244354248, 218.662307739, 219.068664551, 219.475006104, 219.892959595, 220.310928345, 220.728881836, 221.135238647, 221.5415802, 221.95954895, 222.377502441, 222.795455933, 223.213424683, 223.631378174, 224.049331665, 224.444076538, 224.862030029, 225.279998779, 225.697952271, 226.104309082, 226.510650635, 226.928619385, 227.334960938, 227.741317749, 228.15927124, 228.577224731, 228.995193481, 229.413146973, 229.831100464, 230.249069214, 230.667022705, 231.061767578, 231.479721069, 231.897689819, 232.315643311, 232.733596802, 233.139953613, 233.546295166, 233.964263916, 234.382217407, 234.800170898, 235.218139648, 235.624481201, 236.030838013, 236.448791504, 236.866760254, 237.284713745, 237.679458618, 238.097412109, 238.515365601, 238.933334351, 239.351287842, 239.769241333, 240.175598145, 240.593551636, 240.999908447, 241.417861938, 241.835830688, 242.25378418, 242.648529053, 243.066482544, 243.484436035, 243.902404785, 244.320358276, 244.726715088, 245.133056641, 245.551010132, 245.968978882, 246.386932373, 246.804885864, 247.222854614, 247.617584229, 248.035552979, 248.45350647, 248.87147522, 249.277816772, 249.684173584, 250.102127075, 250.520080566, 250.938049316, 251.356002808, 251.762359619, 252.18031311, 252.586654663, 253.004623413, 253.422576904, 253.840545654, 254.235275269, 254.653244019, 255.07119751, 255.489151001, 255.918731689, 256.359893799, 256.789459229, 257.184204102, 257.578948975, 257.985290527, 258.391662598, 258.786376953, 259.192749023, 259.587463379, 259.982208252, 260.318908691, 260.655609131, 260.980682373, 261.317352295, 261.665649414, 262.013977051, 262.36227417, 262.710571289, 263.058868408, 263.418762207, 263.778686523, 264.138580322, 264.498504639, 264.835174561, 265.183502197, 265.531799316, 265.891693115, 266.239990234, 266.588287354, 266.936584473, 267.296508789, 267.656402588]
    bpm_histogram: [0, 0, 0, 0, 0, 0, 0, 0, 0, 0, 0, 0, 0, 0, 0, 0, 0, 0, 0, 0, 0, 0, 0, 0, 0, 0, 0, 0, 0, 0, 0, 0, 0, 0, 0, 0, 0, 0, 0, 0, 0, 0, 0, 0, 0, 0, 0, 0, 0, 0, 0, 0, 0, 0, 0, 0, 0, 0, 0, 0, 0, 0, 0, 0, 0, 0, 0, 0, 0, 0, 0, 0, 0, 0, 0, 0, 0, 0, 0, 0, 0, 0, 0, 0, 0, 0, 0, 0, 0, 0, 0, 0, 0, 0, 0, 0, 0, 0, 0, 0, 0, 0, 0, 0, 0, 0, 0, 0, 0, 0, 0, 0, 0, 0, 0, 0, 0, 0, 0, 0, 0, 0, 0, 0, 0, 0, 0, 0, 0, 0, 0, 0, 0, 0, 0, 0, 0.0123266568407, 0, 0, 0, 0.0215716492385, 0, 0, 0, 0.602465331554, 0, 0, 0, 0.280431419611, 0, 0, 0, 0.049306627363, 0, 0, 0, 0, 0, 0, 0, 0, 0, 0, 0, 0, 0, 0, 0.0107858246192, 0, 0, 0, 0, 0.0154083203524, 0, 0, 0, 0, 0, 0.00616332842037, 0, 0, 0, 0, 0, 0, 0.00154083210509, 0, 0, 0, 0, 0, 0, 0, 0, 0, 0, 0, 0, 0, 0, 0, 0, 0, 0, 0, 0, 0, 0, 0, 0, 0, 0, 0, 0, 0, 0, 0, 0, 0, 0, 0, 0, 0, 0, 0, 0, 0, 0, 0, 0, 0, 0, 0, 0, 0, 0, 0, 0, 0, 0, 0, 0, 0, 0, 0, 0, 0, 0, 0, 0]

tonal:
    chords_changes_rate: 0.0711565092206
    chords_number_rate: 0.00225069257431
    chords_strength:
        mean: 0.465917557478
        stdev: 0.101192303002
    hpcp_crest:
        mean: 13.2169589996
        stdev: 6.63847351074
    hpcp_entropy:
        mean: 2.11215186119
        stdev: 0.805363357067
    key_edma:
        strength: 0.599073648453
        key: "G"
        scale: "minor"
    key_krumhansl:
        strength: 0.616779565811
        key: "D"
        scale: "minor"
    key_temperley:
        strength: 0.630273520947
        key: "D"
        scale: "minor"
    tuning_diatonic_strength: 0.482221633196
    tuning_equal_tempered_deviation: 0.201583236456
    tuning_frequency: 434.193115234
    tuning_nontempered_energy_ratio: 0.921273052692
    hpcp:
        mean: [0.170308798552, 0.187542587519, 0.117756806314, 0.185390815139, 0.172292307019, 0.0635965019464, 0.0449327602983, 0.0456462912261, 0.0542971342802, 0.172793835402, 0.178921744227, 0.0601182766259, 0.0428261756897, 0.0575067400932, 0.115988135338, 0.278319776058, 0.274845033884, 0.117316573858, 0.0712877959013, 0.0606472082436, 0.0631052851677, 0.109240427613, 0.116472236812, 0.0686286091805, 0.116043388844, 0.126045450568, 0.0873825997114, 0.104319214821, 0.0744512751698, 0.0483808033168, 0.100497543812, 0.110829591751, 0.0790393650532, 0.0746723413467, 0.0668382272124, 0.0762900784612]
        stdev: [0.239625707269, 0.267621546984, 0.205695152283, 0.328884363174, 0.314834624529, 0.169120043516, 0.134740784764, 0.133201226592, 0.142815485597, 0.291275382042, 0.307088762522, 0.145800486207, 0.139428198338, 0.165486723185, 0.232036232948, 0.352567225695, 0.340198010206, 0.214830055833, 0.177791506052, 0.171282023191, 0.165053248405, 0.215807318687, 0.230738192797, 0.152858272195, 0.236010402441, 0.247132763267, 0.170838341117, 0.244374185801, 0.162313729525, 0.133982568979, 0.219129443169, 0.228077441454, 0.180352985859, 0.173150628805, 0.166957825422, 0.168089419603]
    chords_histogram: [27.8912734985, 5.00346279144, 4.13781166077, 9.31440448761, 0.588642656803, 3.87811636925, 0.259695291519, 18.3518009186, 0, 1.38504159451, 0.294321328402, 0, 1.02146816254, 0, 0.554016649723, 0.709833800793, 1.2984764576, 0, 1.85249304771, 0.640581727028, 2.47576189041, 0.259695291519, 7.68698072433, 12.3961219788]
    thpcp: [1, 0.98751527071, 0.421517193317, 0.25613629818, 0.217904776335, 0.226736620069, 0.392499685287, 0.418483495712, 0.246581867337, 0.41694265604, 0.452879965305, 0.313964754343, 0.374817818403, 0.267502635717, 0.17383171618, 0.361086606979, 0.398209542036, 0.283987611532, 0.268296927214, 0.24014903605, 0.274109452963, 0.611917734146, 0.673838496208, 0.423098951578, 0.666107237339, 0.619044423103, 0.228501558304, 0.161442935467, 0.164006635547, 0.195089027286, 0.620846390724, 0.642863929272, 0.21600432694, 0.153873994946, 0.206621110439, 0.416744142771]
    chords_key: "D"
    chords_scale: "minor"
