
metadata:
    version:
        essentia: "2.1-beta5-dev"
        essentia_git_sha: "v2.1_beta4-403-g72928a8c"
        extractor: "music 2.0"
    audio_properties:
        analysis:
            equal_loudness: 0
            length: 188.316741943
            sample_rate: 44100
            start_time: 0
            downmix: "mix"
        bit_rate: 128000
        length: 188.316741943
        lossless: 0
        number_channels: 2
        replay_gain: -15.5753288269
        sample_rate: 44100
        codec: "mp3"
        md5_encoded: "dcd1fb4a1d6fa0136948442f7b316b50"
    tags:
        file_name: "TurbineAm.mp3"

lowlevel:
    average_loudness: 0.678617596626
    barkbands_crest:
        mean: 11.8520212173
        stdev: 6.05088567734
    barkbands_flatness_db:
        mean: 0.122907236218
        stdev: 0.0532855540514
    barkbands_kurtosis:
        mean: 1.78016662598
        stdev: 8.94211864471
    barkbands_skewness:
        mean: 0.982569873333
        stdev: 1.40376543999
    barkbands_spread:
        mean: 46.9491043091
        stdev: 21.1264953613
    dissonance:
        mean: 0.481531977654
        stdev: 0.0214655417949
    dynamic_complexity: 3.19767308235
    erbbands_crest:
        mean: 6.48259496689
        stdev: 3.33438229561
    erbbands_flatness_db:
        mean: 0.132386282086
        stdev: 0.0340505689383
    erbbands_kurtosis:
        mean: 1.62910234928
        stdev: 2.74239826202
    erbbands_skewness:
        mean: -0.856875538826
        stdev: 0.912545025349
    erbbands_spread:
        mean: 47.3140487671
        stdev: 23.2794208527
    hfc:
        mean: 48.1765098572
        stdev: 44.9176826477
    loudness_ebu128:
        integrated: -7.22990894318
        loudness_range: 8.21179199219
        momentary:
            mean: -8.95017719269
            stdev: 5.60363483429
        short_term:
            mean: -8.30813598633
            stdev: 3.3926885128
    melbands_crest:
        mean: 19.1694412231
        stdev: 7.39984607697
    melbands_flatness_db:
        mean: 0.16393366456
        stdev: 0.0830424427986
    melbands_kurtosis:
        mean: 21.6754131317
        stdev: 37.7674293518
    melbands_skewness:
        mean: 3.53018450737
        stdev: 2.83175349236
    melbands_spread:
        mean: 48.1092414856
        stdev: 38.4763031006
    pitch_salience:
        mean: 0.485093712807
        stdev: 0.162917762995
    silence_rate_20dB:
        mean: 1
        stdev: 0
    silence_rate_30dB:
        mean: 0.988042414188
        stdev: 0.108697973192
    silence_rate_60dB:
        mean: 0.0620069019496
        stdev: 0.241168364882
    spectral_centroid:
        mean: 2698.62768555
        stdev: 955.745483398
    spectral_complexity:
        mean: 22.6204395294
        stdev: 14.2771635056
    spectral_decrease:
        mean: -7.8742221632e-09
        stdev: 7.63316521102e-09
    spectral_energy:
        mean: 0.0340889059007
        stdev: 0.031369689852
    spectral_energyband_high:
        mean: 0.00534911733121
        stdev: 0.00540327047929
    spectral_energyband_low:
        mean: 0.0209457837045
        stdev: 0.0250662229955
    spectral_energyband_middle_high:
        mean: 0.00351792247966
        stdev: 0.00297028082423
    spectral_energyband_middle_low:
        mean: 0.0050589684397
        stdev: 0.00749471923336
    spectral_entropy:
        mean: 8.15800571442
        stdev: 0.415819555521
    spectral_flux:
        mean: 0.0791055336595
        stdev: 0.0475000403821
    spectral_kurtosis:
        mean: 1.85202300549
        stdev: 2.25991153717
    spectral_rms:
        mean: 0.00509115355089
        stdev: 0.00270877825096
    spectral_rolloff:
        mean: 3778.91210938
        stdev: 2811.60888672
    spectral_skewness:
        mean: 0.940084636211
        stdev: 0.444889456034
    spectral_spread:
        mean: 5999072.5
        stdev: 2002377.625
    spectral_strongpeak:
        mean: 0.527922153473
        stdev: 0.544358432293
    zerocrossingrate:
        mean: 0.113833516836
        stdev: 0.0650397986174
    barkbands:
        mean: [0.000348151079379, 0.0171568505466, 0.00277180527337, 0.00212482269853, 0.00172858557198, 0.000301184452837, 0.000160422860063, 0.000150552834384, 0.000395383889554, 0.000454421795439, 0.000211603270145, 0.000152273991262, 0.000206752258237, 0.000257771956967, 0.000289564515697, 0.000303689856082, 0.000413715053583, 0.000357810902642, 0.000586760812439, 0.000707232335117, 0.00115831813309, 0.00110354891513, 0.00100609718356, 0.00092966214288, 0.00064114871202, 0.000159054805408, 1.16878281915e-05]
        stdev: [0.000694305577781, 0.0240084081888, 0.00578658282757, 0.00453979428858, 0.00342545192689, 0.000639733392745, 0.000276351725915, 0.000339004589478, 0.000731150386855, 0.000802297377959, 0.000408167397836, 0.000284125417238, 0.000308756309096, 0.000323056301568, 0.000353828247171, 0.000375153380446, 0.000447756843641, 0.000438249291619, 0.000657718221191, 0.000762482231949, 0.00131800118834, 0.00114384212065, 0.00116595916916, 0.00105196807999, 0.000729687628336, 0.000260829285253, 3.07240443362e-05]
    erbbands:
        mean: [0.625676929951, 3.35467553139, 3.55373072624, 4.70118904114, 9.14257621765, 3.8347029686, 2.73537683487, 2.42771983147, 2.28642439842, 2.83398556709, 4.19780015945, 10.5204210281, 11.7796173096, 11.6571187973, 8.54500198364, 7.03149700165, 9.77189159393, 12.5373773575, 14.4816684723, 15.2642335892, 19.1768112183, 21.3431415558, 20.6149768829, 22.9430828094, 35.5985069275, 32.7860298157, 37.9343719482, 50.0309295654, 38.5762710571, 34.1410522461, 28.25116539, 22.3371086121, 14.2058467865, 8.87731266022, 3.37415671349, 0.924843430519, 0.245912104845, 0.0468529053032, 0.00145509513095, 9.25675994949e-05]
        stdev: [0.924993753433, 4.68389368057, 5.85557603836, 8.46864032745, 19.7923870087, 6.98568725586, 5.45111560822, 5.10340452194, 3.66461730003, 5.33378696442, 7.751912117, 19.9945220947, 21.6340885162, 21.5682277679, 15.1459789276, 12.9209384918, 13.7719392776, 15.6989507675, 16.5420455933, 18.9118881226, 22.5058917999, 22.8140602112, 24.6783695221, 23.7886333466, 44.2354431152, 33.9986114502, 42.4112548828, 56.4104995728, 39.833152771, 39.9513778687, 32.1163253784, 25.3588943481, 15.7516880035, 10.1108255386, 3.97827529907, 1.27735626698, 0.424627870321, 0.110389143229, 0.0036619969178, 0.000111777517304]
    gfcc:
        mean: [14.8130664825, 24.9040718079, -103.908973694, 65.9097366333, -56.7379417419, 34.311832428, -33.3358612061, 16.5517559052, -25.8318729401, 2.30361413956, -23.8011436462, -2.23057579994, -11.9561042786]
        cov: [[8841.40625, -1138.10119629, 438.393737793, 808.463562012, -191.934326172, 178.703842163, -345.995849609, -90.5140151978, -133.685317993, 309.934234619, 51.4522476196, 218.524398804, 23.1603870392], [-1138.10119629, 1757.6541748, -367.099304199, -498.6875, 234.075393677, -23.0891075134, 314.187561035, 132.667572021, 93.6306152344, -142.802398682, -12.662612915, -128.997924805, 29.4262981415], [438.393737793, -367.099304199, 1192.66687012, 627.492919922, 311.743103027, 248.955169678, 169.194061279, 134.103393555, 102.13092804, 189.668395996, 69.2389907837, 121.563316345, 53.2798423767], [808.463562012, -498.6875, 627.492919922, 813.367126465, 208.341171265, 149.144897461, 0.404799193144, -11.7494773865, 62.3617630005, 152.958297729, 94.4405975342, 81.6527023315, 67.1199569702], [-191.934326172, 234.075393677, 311.743103027, 208.341171265, 352.322845459, 110.358375549, 180.924636841, 96.8652114868, 84.5738449097, 65.2837142944, 39.8703155518, 21.6056060791, 45.9939651489], [178.703842163, -23.0891075134, 248.955169678, 149.144897461, 110.358375549, 202.866439819, 127.965309143, 93.6075439453, 49.1374206543, 53.5173797607, 25.6038131714, 33.6035614014, 25.1497306824], [-345.995849609, 314.187561035, 169.194061279, 0.404799193144, 180.924636841, 127.965309143, 266.825592041, 158.328903198, 97.8899917603, 35.6389694214, 19.4149684906, 10.7456350327, 36.9695854187], [-90.5140151978, 132.667572021, 134.103393555, -11.7494773865, 96.8652114868, 93.6075439453, 158.328903198, 168.858413696, 92.5799636841, 52.924331665, 9.56885051727, 10.9364042282, 26.3014144897], [-133.685317993, 93.6306152344, 102.13092804, 62.3617630005, 84.5738449097, 49.1374206543, 97.8899917603, 92.5799636841, 107.839103699, 70.3157806396, 39.7292633057, 15.7457103729, 23.1925086975], [309.934234619, -142.802398682, 189.668395996, 152.958297729, 65.2837142944, 53.5173797607, 35.6389694214, 52.924331665, 70.3157806396, 139.085067749, 75.9824981689, 63.2693061829, 32.9786300659], [51.4522476196, -12.662612915, 69.2389907837, 94.4405975342, 39.8703155518, 25.6038131714, 19.4149684906, 9.56885051727, 39.7292633057, 75.9824981689, 93.5977249146, 58.2899055481, 33.7851142883], [218.524398804, -128.997924805, 121.563316345, 81.6527023315, 21.6056060791, 33.6035614014, 10.7456350327, 10.9364042282, 15.7457103729, 63.2693061829, 58.2899055481, 86.7978973389, 40.9565238953], [23.1603870392, 29.4262981415, 53.2798423767, 67.1199569702, 45.9939651489, 25.1497306824, 36.9695854187, 26.3014144897, 23.1925086975, 32.9786300659, 33.7851142883, 40.9565238953, 75.5210494995]]
        icov: [[0.000195066939341, -0.000196935376152, 0.00016606914869, -0.000400340359192, 0.000229219003813, -0.000191577521036, 0.000294078781735, -0.000393430760596, 0.000828437507153, -0.00103328865953, 0.000938279554248, -0.000823861802928, 0.000396667252062], [-0.000196935376152, 0.00191376940347, -0.000268260977464, 0.00163684203289, -0.00141772674397, 0.00046025874326, -0.00149631476961, 0.00109282624908, -0.00213522557169, 0.00334234186448, -0.00394244352356, 0.00398228876293, -0.00208853767253], [0.00016606914869, -0.000268260977464, 0.00244412827305, -0.00189630920067, -0.000460042443592, -0.00055357418023, -0.000301530264551, -0.00142743310425, 0.00171254260931, -0.00226819235831, 0.00318720750511, -0.00374197564088, 0.00219196313992], [-0.000400340359192, 0.00163684203289, -0.00189630920067, 0.00520275998861, -0.00232460279949, -0.00141918077134, 0.000567005423363, 0.00428939983249, -0.00471606943756, 0.0026717716828, -0.0048815663904, 0.00602182466537, -0.0044845812954], [0.000229219003813, -0.00141772674397, -0.000460042443592, -0.00232460279949, 0.00712811108679, 0.000195319371414, -0.00306665990502, 0.00012808968313, 0.00154317531269, -0.00310122151859, 0.002304403577, -0.00107375276275, 0.000354819203494], [-0.000191577521036, 0.00046025874326, -0.00055357418023, -0.00141918077134, 0.000195319371414, 0.010596239008, -0.00464983936399, -0.00379952136427, 0.00298038241453, 0.00119223701768, -0.00200498057529, -0.000441566779045, 0.00118357734755], [0.000294078781735, -0.00149631476961, -0.000301530264551, 0.000567005423363, -0.00306665990502, -0.00464983936399, 0.0159330610186, -0.00809868611395, -0.00248691462912, 0.00210565072484, 0.000580112275202, -0.00282060331665, -0.000247008400038], [-0.000393430760596, 0.00109282624908, -0.00142743310425, 0.00428939983249, 0.00012808968313, -0.00379952136427, -0.00809868611395, 0.0251653902233, -0.0148813510314, -0.00254965410568, 0.00545865762979, 0.00320463767275, -0.00521925603971], [0.000828437507153, -0.00213522557169, 0.00171254260931, -0.00471606943756, 0.00154317531269, 0.00298038241453, -0.00248691462912, -0.0148813510314, 0.0352080017328, -0.0152918826789, -0.00143316248432, 0.00135201425292, 0.00380212673917], [-0.00103328865953, 0.00334234186448, -0.00226819235831, 0.0026717716828, -0.00310122151859, 0.00119223701768, 0.00210565072484, -0.00254965410568, -0.0152918826789, 0.0325906313956, -0.0194056611508, 0.00167977227829, -0.0021761697717], [0.000938279554248, -0.00394244352356, 0.00318720750511, -0.0048815663904, 0.002304403577, -0.00200498057529, 0.000580112275202, 0.00545865762979, -0.00143316248432, -0.0194056611508, 0.0405880846083, -0.0232999678701, 0.00381032400765], [-0.000823861802928, 0.00398228876293, -0.00374197564088, 0.00602182466537, -0.00107375276275, -0.000441566779045, -0.00282060331665, 0.00320463767275, 0.00135201425292, 0.00167977227829, -0.0232999678701, 0.0412096790969, -0.0160193834454], [0.000396667252062, -0.00208853767253, 0.00219196313992, -0.0044845812954, 0.000354819203494, 0.00118357734755, -0.000247008400038, -0.00521925603971, 0.00380212673917, -0.0021761697717, 0.00381032400765, -0.0160193834454, 0.0244668237865]]
    melbands:
        mean: [0.00521355168894, 0.00269994349219, 0.00105926347896, 0.00046739744721, 0.000102686375612, 5.50264412595e-05, 3.41426675732e-05, 3.16927798849e-05, 4.26776823588e-05, 6.19160418864e-05, 5.77077880735e-05, 4.76115528727e-05, 2.93920948025e-05, 1.83182473847e-05, 2.04433108593e-05, 1.98878205993e-05, 2.42393707595e-05, 2.28487060667e-05, 2.0822903025e-05, 1.97330155061e-05, 2.34732815443e-05, 2.17421984416e-05, 2.20104193431e-05, 1.66388235812e-05, 1.79309517989e-05, 2.44039638346e-05, 2.6522018743e-05, 2.02199571504e-05, 2.10683101614e-05, 2.9419292332e-05, 2.85011883534e-05, 2.16143671423e-05, 2.09522513615e-05, 1.79762009793e-05, 1.62049072969e-05, 1.53000164573e-05, 1.31169244924e-05, 9.76129649644e-06, 9.33423871174e-06, 6.89947364663e-06]
        stdev: [0.00746498582885, 0.00327523192391, 0.00185427581891, 0.000933127128519, 0.00019011781842, 0.000113724250696, 5.57985367777e-05, 6.18404519628e-05, 7.67695455579e-05, 0.00011283391359, 0.000107224877866, 9.33499759412e-05, 5.64955298614e-05, 3.27741909132e-05, 3.50371919922e-05, 2.95892205031e-05, 3.20698345604e-05, 2.68006751867e-05, 2.78010174952e-05, 2.46005438385e-05, 2.84820052912e-05, 2.3544056603e-05, 2.70873515547e-05, 2.13748426177e-05, 1.92229945242e-05, 2.90630632662e-05, 3.47332643287e-05, 2.09469271795e-05, 2.34502040257e-05, 3.78586773877e-05, 3.22223968396e-05, 2.34852595895e-05, 2.24891082325e-05, 2.29722427321e-05, 1.88671092474e-05, 1.76226603799e-05, 1.54885456141e-05, 1.1006596651e-05, 1.06571478682e-05, 8.05527815828e-06]
    melbands128:
        mean: [0.000340697646607, 0.0048219054006, 0.00816930551082, 0.00443882960826, 0.0020183052402, 0.00124534987845, 0.000773306644987, 0.00128558056895, 0.00104079558514, 0.00037538658944, 0.000176006855327, 0.000119737276691, 9.1792026069e-05, 7.43790733395e-05, 5.73125144001e-05, 4.34487847087e-05, 4.16289840359e-05, 3.10198338411e-05, 2.85215755866e-05, 3.20894178003e-05, 3.4525852243e-05, 2.90018761007e-05, 2.51205510722e-05, 6.80608500261e-05, 9.92895002128e-05, 3.42087150784e-05, 4.07886800531e-05, 8.32412624732e-05, 3.60111625923e-05, 7.17945367796e-05, 3.77106698579e-05, 2.95542376989e-05, 3.39406396961e-05, 2.78016759694e-05, 1.64927914739e-05, 1.68536989804e-05, 1.90211976587e-05, 1.64752364071e-05, 2.78227344097e-05, 2.08143283089e-05, 1.85276658158e-05, 1.68348688021e-05, 2.52890495176e-05, 2.78893621726e-05, 2.14132141991e-05, 2.30727018788e-05, 2.42139412876e-05, 1.81310788321e-05, 2.06125823752e-05, 2.27507280215e-05, 1.69872073457e-05, 1.95714019355e-05, 2.35266197706e-05, 2.45960018219e-05, 2.60443321167e-05, 1.76981793629e-05, 1.99328751478e-05, 2.98287613987e-05, 1.83071842912e-05, 1.80610077223e-05, 1.5709138097e-05, 1.57141530508e-05, 1.83813408512e-05, 1.74752094608e-05, 1.96042365133e-05, 2.36457763094e-05, 2.84881352854e-05, 2.78337465716e-05, 2.65444487013e-05, 2.41119596467e-05, 1.85566641449e-05, 2.00809317903e-05, 1.92320421775e-05, 2.1217203539e-05, 2.28102853725e-05, 2.74217054539e-05, 3.38210229529e-05, 3.20285180351e-05, 2.75353140751e-05, 2.65221169684e-05, 2.09041518247e-05, 2.10842263186e-05, 1.9104412786e-05, 2.31059202633e-05, 1.97674271476e-05, 1.85274693649e-05, 1.8159928004e-05, 1.51481635839e-05, 1.70235271071e-05, 1.58138627739e-05, 1.52903030539e-05, 1.64866833074e-05, 1.29867576106e-05, 1.45363474076e-05, 1.16721657832e-05, 1.01342302514e-05, 9.34077979764e-06, 9.3965763881e-06, 9.51357196755e-06, 9.66507104749e-06, 7.25062727724e-06, 7.03313344275e-06, 5.73621355215e-06, 4.09206586482e-06, 4.15715021518e-06, 2.99851330965e-06, 2.07205857805e-06, 1.79425649094e-06, 1.30563273615e-06, 1.43467696034e-06, 1.04309083326e-06, 8.16233182377e-07, 7.70790279603e-07, 4.93512231969e-07, 6.57238047097e-07, 4.78858680708e-07, 3.27873380002e-07, 1.80751186463e-07, 3.10442764828e-08, 2.42020598007e-10, 2.23212240358e-10, 2.24080670685e-10, 2.19343654351e-10, 2.09823006192e-10, 2.10652356669e-10, 2.10250886146e-10, 2.1273038886e-10, 2.06937425529e-10]
        stdev: [0.000679182587191, 0.00746288709342, 0.0121095245704, 0.00641806842759, 0.00329212797806, 0.00272253644653, 0.0016788393259, 0.00285269226879, 0.00246988958679, 0.000965447397903, 0.000407692918088, 0.000267800118309, 0.000215247637243, 0.000219210938667, 0.000144379504491, 0.000109791333671, 8.45026806928e-05, 6.44390820526e-05, 6.88576765242e-05, 7.40983450669e-05, 9.23254192458e-05, 9.01182575035e-05, 6.79464792483e-05, 0.000158233116963, 0.000224862684263, 8.058930689e-05, 7.84769508755e-05, 0.000194595282665, 6.57131604385e-05, 0.000183016964002, 7.73221545387e-05, 7.64906144468e-05, 8.51184740895e-05, 7.24730925867e-05, 3.8839145418e-05, 4.25148646173e-05, 5.54293583264e-05, 4.35172805737e-05, 5.87733156863e-05, 3.66356798622e-05, 4.10584761994e-05, 4.04800885008e-05, 3.99783421017e-05, 4.41640586359e-05, 3.71178830392e-05, 3.31326045853e-05, 3.76753960154e-05, 3.56698801625e-05, 3.60292069672e-05, 3.66873100575e-05, 2.6531799449e-05, 3.29296708514e-05, 3.89036576962e-05, 3.49366709997e-05, 3.71072383132e-05, 2.52044574154e-05, 2.81813772744e-05, 4.40650146629e-05, 2.7775819035e-05, 2.88174796879e-05, 2.40257886617e-05, 2.34845247178e-05, 2.42413607339e-05, 2.306186434e-05, 2.20395431825e-05, 3.06925576297e-05, 4.18230993091e-05, 4.4479038479e-05, 4.02054174629e-05, 2.92072854791e-05, 2.08558867598e-05, 2.50653447438e-05, 2.38896482188e-05, 2.61836939899e-05, 2.88820319838e-05, 3.83621845685e-05, 5.16270665685e-05, 4.03536978411e-05, 3.38064892276e-05, 3.44928012055e-05, 2.51494602708e-05, 2.70104064839e-05, 2.13707480725e-05, 2.6140416594e-05, 2.6787221941e-05, 2.4024879167e-05, 2.72837769444e-05, 1.98181387532e-05, 2.08821766137e-05, 1.97022382054e-05, 1.82938874786e-05, 2.09508907574e-05, 1.65264336829e-05, 1.89638467418e-05, 1.52719803737e-05, 1.21401635624e-05, 1.09980537673e-05, 1.19917640404e-05, 1.21090906759e-05, 1.15764896691e-05, 9.85013048194e-06, 8.45133217808e-06, 7.000646292e-06, 5.09653455083e-06, 5.31931254955e-06, 4.20873311668e-06, 2.75160368801e-06, 2.66899451162e-06, 1.94199469661e-06, 2.43202089223e-06, 1.64144330483e-06, 1.26410463963e-06, 1.64579216744e-06, 8.24755659323e-07, 1.87065029422e-06, 1.18316290809e-06, 7.6080556255e-07, 6.2140384216e-07, 1.27007027118e-07, 1.07461994858e-09, 9.82411818562e-10, 1.01549346709e-09, 9.41929867437e-10, 8.73204841767e-10, 9.24479492959e-10, 8.92739659974e-10, 9.38200961365e-10, 9.06062502803e-10]
    mfcc:
        mean: [-623.739013672, 45.6953582764, 17.1244487762, 33.0429649353, 12.0299901962, 17.5661373138, 8.69600486755, 11.5554008484, 8.97663974762, 6.68541145325, -0.378226488829, -2.67927002907, -5.97220849991]
        cov: [[6422.80761719, -1312.80041504, 481.551849365, 365.938354492, 178.1222229, 221.594650269, -95.7949371338, -250.923599243, -200.148254395, -141.496505737, -53.731212616, 93.2378768921, 104.599586487], [-1312.80041504, 1861.93066406, -475.020690918, -308.422119141, -149.097427368, -153.181686401, 123.967773438, 188.890029907, 182.870605469, 141.678756714, 32.0532341003, -51.2936782837, -74.9182739258], [481.551849365, -475.020690918, 856.922912598, 412.587341309, 277.266052246, 255.472198486, 161.052978516, 84.1133117676, 102.49193573, 66.5808868408, 102.11907959, 96.5467224121, 104.331764221], [365.938354492, -308.422119141, 412.587341309, 524.505310059, 286.302337646, 223.466812134, 108.20980835, 19.5584316254, 63.0447311401, 59.9959411621, 55.5400047302, 75.1619262695, 68.1513519287], [178.1222229, -149.097427368, 277.266052246, 286.302337646, 257.389984131, 167.423126221, 99.4718780518, 32.8141746521, 57.0200309753, 48.53175354, 46.2026023865, 52.2407722473, 47.0132331848], [221.594650269, -153.181686401, 255.472198486, 223.466812134, 167.423126221, 203.487838745, 116.068313599, 54.3039169312, 49.2506637573, 37.9067840576, 46.6239852905, 53.8876152039, 49.2707824707], [-95.7949371338, 123.967773438, 161.052978516, 108.20980835, 99.4718780518, 116.068313599, 168.271728516, 109.000778198, 110.477035522, 72.05078125, 55.7478561401, 40.5411262512, 33.7720222473], [-250.923599243, 188.890029907, 84.1133117676, 19.5584316254, 32.8141746521, 54.3039169312, 109.000778198, 143.351013184, 114.882659912, 72.8248519897, 47.9168319702, 14.5392475128, 8.24522304535], [-200.148254395, 182.870605469, 102.49193573, 63.0447311401, 57.0200309753, 49.2506637573, 110.477035522, 114.882659912, 170.242492676, 113.536827087, 69.7565002441, 22.7937736511, 11.4205121994], [-141.496505737, 141.678756714, 66.5808868408, 59.9959411621, 48.53175354, 37.9067840576, 72.05078125, 72.8248519897, 113.536827087, 116.730300903, 72.3715362549, 28.6290359497, 12.6580562592], [-53.731212616, 32.0532341003, 102.11907959, 55.5400047302, 46.2026023865, 46.6239852905, 55.7478561401, 47.9168319702, 69.7565002441, 72.3715362549, 89.7162399292, 55.4792556763, 35.2211380005], [93.2378768921, -51.2936782837, 96.5467224121, 75.1619262695, 52.2407722473, 53.8876152039, 40.5411262512, 14.5392475128, 22.7937736511, 28.6290359497, 55.4792556763, 87.2421417236, 66.8254318237], [104.599586487, -74.9182739258, 104.331764221, 68.1513519287, 47.0132331848, 49.2707824707, 33.7720222473, 8.24522304535, 11.4205121994, 12.6580562592, 35.2211380005, 66.8254318237, 93.9898223877]]
        icov: [[0.000197592598852, 7.24914425518e-05, -6.86338535161e-05, 1.66413356055e-05, 9.41790494835e-05, -0.000274247897323, 5.82810243941e-05, 0.000351898866938, -8.00341440481e-05, -6.36026888969e-05, 0.00027938070707, -0.000238576089032, 3.00707706629e-05], [7.24914425518e-05, 0.00101629586425, 0.000536045467015, 0.000149476953084, -0.000170126819285, 0.000909062626306, -0.00123612151947, -0.00066758308094, 0.000131318869535, -0.000888443086296, 0.000278875231743, -1.16038904707e-06, 0.000137281764182], [-6.86338535161e-05, 0.000536045467015, 0.00277637364343, -0.00104204495437, -0.000665527128149, -0.000314243778121, -0.000647958484478, -0.00111303431913, -0.000636726617813, 0.0016145670088, -0.0024562466424, 0.00143955135718, -0.00123767845798], [1.66413356055e-05, 0.000149476953084, -0.00104204495437, 0.00628734985366, -0.00418306654319, -0.00274967914447, 0.00101303739939, 0.00209716125391, -0.00102360697929, -0.00246736616828, 0.00286134053022, -0.00184355163947, 0.000379380886443], [9.41790494835e-05, -0.000170126819285, -0.000665527128149, -0.00418306654319, 0.0127868363634, -0.00488032214344, -0.00138686678838, 0.0023551764898, -0.000913786003366, -0.000873241398949, 0.000451650004834, -0.00010325970652, 0.000118394113088], [-0.000274247897323, 0.000909062626306, -0.000314243778121, -0.00274967914447, -0.00488032214344, 0.0188810639083, -0.00930195953697, -0.00382601772435, 0.00538118649274, 0.000374642317183, -0.00214837421663, -0.000360791920684, -4.89524536533e-05], [5.82810243941e-05, -0.00123612151947, -0.000647958484478, 0.00101303739939, -0.00138686678838, -0.00930195953697, 0.0227981042117, -0.0071998857893, -0.00686979852617, 0.00167774257716, 0.00209636846557, -0.00302115269005, -0.001084435964], [0.000351898866938, -0.00066758308094, -0.00111303431913, 0.00209716125391, 0.0023551764898, -0.00382601772435, -0.0071998857893, 0.0227333959192, -0.0099397720769, 0.000954364659265, -0.000618292135186, 0.00148735649418, 0.000464918819489], [-8.00341440481e-05, 0.000131318869535, -0.000636726617813, -0.00102360697929, -0.000913786003366, 0.00538118649274, -0.00686979852617, -0.0099397720769, 0.0282519944012, -0.0181301105767, -0.000534006336238, 0.0029177586548, -0.000246243173024], [-6.36026888969e-05, -0.000888443086296, 0.0016145670088, -0.00246736616828, -0.000873241398949, 0.000374642317183, 0.00167774257716, 0.000954364659265, -0.0181301105767, 0.0378255024552, -0.0205172710121, 0.00387945235707, 0.000952385482378], [0.00027938070707, 0.000278875231743, -0.0024562466424, 0.00286134053022, 0.000451650004834, -0.00214837421663, 0.00209636846557, -0.000618292135186, -0.000534006336238, -0.0205172710121, 0.0411641560495, -0.0218204408884, 0.00368090160191], [-0.000238576089032, -1.16038904707e-06, 0.00143955135718, -0.00184355163947, -0.00010325970652, -0.000360791920684, -0.00302115269005, 0.00148735649418, 0.0029177586548, 0.00387945235707, -0.0218204408884, 0.040586579591, -0.020357394591], [3.00707706629e-05, 0.000137281764182, -0.00123767845798, 0.000379380886443, 0.000118394113088, -4.89524536533e-05, -0.001084435964, 0.000464918819489, -0.000246243173024, 0.000952385482378, 0.00368090160191, -0.020357394591, 0.025125619024]]
    spectral_contrast_coeffs:
        mean: [-0.690736234188, -0.795455038548, -0.784691631794, -0.807493627071, -0.800285816193, -0.761097192764]
        stdev: [0.0883278250694, 0.0724156573415, 0.0766445025802, 0.0440908335149, 0.0348561145365, 0.035113375634]
    spectral_contrast_valleys:
        mean: [-7.26728820801, -7.56200551987, -7.90072202682, -7.67055082321, -7.00528430939, -8.93242359161]
        stdev: [1.33657777309, 1.16524934769, 1.13753271103, 1.17049992085, 1.26292133331, 1.40945649147]

rhythm:
    beats_count: 361
    beats_loudness:
        mean: 0.0417238883674
        stdev: 0.0347836650908
    bpm: 115.426643372
    bpm_histogram_first_peak_bpm: 115
    bpm_histogram_first_peak_weight: 0.472463726997
    bpm_histogram_second_peak_bpm: 110
    bpm_histogram_second_peak_spread: 0.133333325386
    bpm_histogram_second_peak_weight: 0.036111112684
    danceability: 0.989896416664
    onset_rate: 5.26715278625
    beats_loudness_band_ratio:
        mean: [0.548345267773, 0.0549667440355, 0.0558594614267, 0.0728662759066, 0.0744557455182, 0.2209969908]
        stdev: [0.273126512766, 0.0576378107071, 0.0724687203765, 0.097244374454, 0.0811754614115, 0.170909360051]
    beats_position: [0.53405892849, 1.05650794506, 1.57895684242, 2.10140585899, 2.62385487556, 3.13469386101, 3.64553284645, 4.1679816246, 4.69043064117, 5.20126962662, 5.72371864319, 6.24616765976, 6.7570066452, 7.27945566177, 7.80190467834, 8.31274318695, 8.82358264923, 9.33442115784, 9.85687065125, 10.379319191, 10.8901586533, 11.412607193, 11.9350566864, 12.445895195, 12.9683446884, 13.4907932281, 14.0016326904, 14.512471199, 15.0349206924, 15.5573692322, 16.0682086945, 16.5790481567, 17.1014957428, 17.6239452362, 18.1347846985, 18.6456241608, 19.1680717468, 19.6905212402, 20.2013607025, 20.7121982574, 21.2346477509, 21.7570972443, 22.2679367065, 22.7903842926, 23.312833786, 23.8236732483, 24.3345127106, 24.8569602966, 25.37940979, 25.8902492523, 26.4126987457, 26.9351463318, 27.4459857941, 27.9684352875, 28.4908847809, 29.0017223358, 29.5125617981, 30.0350112915, 30.5574588776, 31.0682983398, 31.5791378021, 32.1015853882, 32.6240348816, 33.146484375, 33.6689338684, 34.1913833618, 34.7138328552, 35.2246704102, 35.7471199036, 36.269569397, 36.8036270142, 37.3260765076, 37.848526001, 38.3709754944, 38.91664505, 39.462310791, 40.0079803467, 40.5420417786, 41.0760993958, 41.6101570129, 42.1442184448, 42.6666641235, 43.1775054932, 43.6999549866, 44.2340126038, 44.7680702209, 45.3021316528, 45.83618927, 46.3702468872, 46.9043083191, 47.4267578125, 47.9492073059, 48.4716529846, 48.994102478, 49.5165519714, 50.0390014648, 50.5498390198, 51.0606803894, 51.5947380066, 52.1404075623, 52.6860771179, 53.2201347351, 53.7541923523, 54.2882537842, 54.8223114014, 55.3563690186, 55.8904304504, 56.4128799438, 56.9353294373, 57.4461669922, 57.9570045471, 58.4794540405, 59.0019035339, 59.5127410889, 60.0235824585, 60.5460319519, 61.0684814453, 61.5793190002, 62.0901565552, 62.6126060486, 63.135055542, 63.6458930969, 64.1683425903, 64.6907958984, 65.2016296387, 65.7240829468, 66.2465286255, 66.7573699951, 67.2682037354, 67.7906570435, 68.3131027222, 68.8239440918, 69.3347854614, 69.8688430786, 70.3796844482, 70.8905181885, 71.4013595581, 71.9238052368, 72.4462585449, 72.9570999146, 73.4795455933, 74.001991272, 74.5128326416, 75.0236740112, 75.5461196899, 76.068572998, 76.5910186768, 77.1018600464, 77.6243057251, 78.1351470947, 78.6459884644, 79.1684341431, 79.6908798218, 80.2017211914, 80.7241744995, 81.2466201782, 81.7574615479, 82.291519165, 82.8487930298, 83.4060745239, 83.9517440796, 84.4974136353, 85.0314712524, 85.5423126221, 86.0647583008, 86.5872116089, 87.0980453491, 87.6204986572, 88.1429443359, 88.6537857056, 89.1646270752, 89.6870727539, 90.2095184326, 90.7203598022, 91.2312011719, 91.7536468506, 92.2761001587, 92.7869338989, 93.2977752686, 93.8202285767, 94.3426742554, 94.853515625, 95.3759613037, 95.8984146118, 96.4092483521, 96.9317016602, 97.4425354004, 97.9649887085, 98.4874343872, 98.9982757568, 99.5207214355, 100.031562805, 100.542404175, 101.076461792, 101.587303162, 102.098136902, 102.608978271, 103.13142395, 103.653877258, 104.164710999, 104.687164307, 105.209609985, 105.720451355, 106.231292725, 106.753738403, 107.276191711, 107.787025452, 108.30947876, 108.831924438, 109.342765808, 109.865211487, 110.387664795, 110.898498535, 111.409339905, 111.920181274, 112.442626953, 112.965080261, 113.475914001, 113.99836731, 114.50920105, 115.031654358, 115.542495728, 116.064941406, 116.587387085, 117.098228455, 117.620681763, 118.143127441, 118.653968811, 119.164802551, 119.687255859, 120.209701538, 120.720542908, 121.242988586, 121.765441895, 122.276275635, 122.787117004, 123.309570312, 123.832015991, 124.342857361, 124.86530304, 125.387756348, 125.898590088, 126.409431458, 126.931877136, 127.454330444, 127.965164185, 128.476013184, 128.998458862, 129.520904541, 130.04335022, 130.577407837, 131.123077393, 131.65713501, 132.191192627, 132.736862183, 133.282531738, 133.816589355, 134.339050293, 134.861495972, 135.372329712, 135.894775391, 136.417236328, 136.928070068, 137.450515747, 137.972961426, 138.483810425, 138.994644165, 139.517089844, 140.039550781, 140.56199646, 141.096054077, 141.641723633, 142.187393188, 142.721450806, 143.255508423, 143.801177979, 144.335235596, 144.857681274, 145.380126953, 145.890975952, 146.401809692, 146.924255371, 147.446716309, 147.957550049, 148.479995728, 149.002441406, 149.513290405, 150.024124146, 150.546569824, 151.069015503, 151.579864502, 152.102310181, 152.624755859, 153.135604858, 153.646438599, 154.168884277, 154.691329956, 155.202178955, 155.724624634, 156.247070312, 156.757904053, 157.268753052, 157.79119873, 158.313644409, 158.824493408, 159.335327148, 159.857772827, 160.380218506, 160.891067505, 161.401901245, 161.924346924, 162.446792603, 162.96925354, 163.491699219, 164.014144897, 164.524978638, 165.035827637, 165.558273315, 166.069107056, 166.579956055, 167.090789795, 167.613235474, 168.135681152, 168.646530151, 169.16897583, 169.67980957, 170.202270508, 170.713104248, 171.235549927, 171.757995605, 172.268844604, 172.791290283, 173.313735962, 173.824569702, 174.335418701, 174.85786438, 175.380310059, 175.891159058, 176.413604736, 176.936050415, 177.446884155, 177.957733154, 178.480178833, 179.002624512, 179.513473511, 180.024307251, 180.54675293, 181.069198608, 181.580047607, 182.090881348, 182.613327026, 183.135772705, 183.646621704, 184.169067383, 184.691513062, 185.202362061, 185.724807739, 186.235641479, 186.74647522, 187.268936157, 187.791381836]
    bpm_histogram: [0, 0, 0, 0, 0, 0, 0, 0, 0, 0, 0, 0, 0, 0, 0, 0, 0, 0, 0, 0, 0, 0, 0, 0, 0, 0, 0, 0, 0, 0, 0, 0, 0, 0, 0, 0, 0, 0, 0, 0, 0, 0, 0, 0, 0, 0, 0, 0, 0, 0, 0, 0, 0, 0, 0, 0, 0, 0, 0, 0, 0, 0, 0, 0, 0, 0, 0, 0, 0, 0, 0, 0, 0, 0, 0, 0, 0, 0, 0, 0, 0, 0, 0, 0, 0, 0, 0, 0, 0, 0, 0, 0, 0, 0, 0, 0, 0, 0, 0, 0, 0, 0, 0, 0, 0, 0, 0, 0, 0.00555555569008, 0, 0.036111112684, 0, 0.0833333358169, 0, 0, 0.505555570126, 0, 0.369444429874, 0, 0, 0, 0, 0, 0, 0, 0, 0, 0, 0, 0, 0, 0, 0, 0, 0, 0, 0, 0, 0, 0, 0, 0, 0, 0, 0, 0, 0, 0, 0, 0, 0, 0, 0, 0, 0, 0, 0, 0, 0, 0, 0, 0, 0, 0, 0, 0, 0, 0, 0, 0, 0, 0, 0, 0, 0, 0, 0, 0, 0, 0, 0, 0, 0, 0, 0, 0, 0, 0, 0, 0, 0, 0, 0, 0, 0, 0, 0, 0, 0, 0, 0, 0, 0, 0, 0, 0, 0, 0, 0, 0, 0, 0, 0, 0, 0, 0, 0, 0, 0, 0, 0, 0, 0, 0, 0, 0, 0, 0, 0, 0, 0, 0, 0, 0, 0, 0, 0, 0, 0, 0, 0, 0, 0, 0, 0, 0, 0, 0, 0, 0]

tonal:
    chords_changes_rate: 0.0732068046927
    chords_number_rate: 0.00320433825254
    chords_strength:
        mean: 0.484693259001
        stdev: 0.0928268507123
    hpcp_crest:
        mean: 12.429309845
        stdev: 6.95777273178
    hpcp_entropy:
        mean: 2.38919329643
        stdev: 0.955220878124
    key_edma:
        strength: 0.56385487318
        key: "D"
        scale: "minor"
    key_krumhansl:
        strength: 0.555155456066
        key: "A"
        scale: "minor"
    key_temperley:
        strength: 0.567288339138
        key: "A"
        scale: "minor"
    tuning_diatonic_strength: 0.515056669712
    tuning_equal_tempered_deviation: 0.0858795493841
    tuning_frequency: 438.224517822
    tuning_nontempered_energy_ratio: 0.761673927307
    hpcp:
        mean: [0.439866125584, 0.300452470779, 0.147679284215, 0.155217126012, 0.116699270904, 0.0724277421832, 0.107825227082, 0.11203238368, 0.0858718529344, 0.120575912297, 0.097718551755, 0.0487340576947, 0.0461039878428, 0.0419647432864, 0.0366610400379, 0.0525303445756, 0.0571193322539, 0.0491460636258, 0.0465524941683, 0.0432201363146, 0.0819608345628, 0.166354060173, 0.145783141255, 0.0750478878617, 0.0828838199377, 0.096079595387, 0.0858085528016, 0.0693624615669, 0.0576277039945, 0.0811264440417, 0.130244553089, 0.100142598152, 0.0570531189442, 0.0634041652083, 0.0737372562289, 0.249376520514]
        stdev: [0.437589287758, 0.323054850101, 0.275888353586, 0.307763546705, 0.251926153898, 0.182321131229, 0.22824434936, 0.251185715199, 0.177855759859, 0.266227811575, 0.211688309908, 0.131132513285, 0.126781731844, 0.115603044629, 0.103878624737, 0.121113143861, 0.134915918112, 0.129278242588, 0.125987544656, 0.118636615574, 0.151737481356, 0.258402705193, 0.236155197024, 0.165292456746, 0.182707458735, 0.204987555742, 0.193850055337, 0.159515887499, 0.144147843122, 0.167745828629, 0.23198902607, 0.184172362089, 0.132973045111, 0.138523489237, 0.159657537937, 0.278935939074]
    chords_histogram: [29.5785064697, 3.47547459602, 0.813408911228, 0.221838802099, 0, 0.887355208397, 0.912003934383, 9.09539031982, 12.7680549622, 13.5075178146, 3.94380092621, 0, 0.394380092621, 0.0739462673664, 0.714813888073, 3.32758188248, 1.18314027786, 0.862706422806, 0.123243778944, 1.15849149227, 1.94725167751, 2.24303674698, 6.67981243134, 6.08824253082]
    thpcp: [1, 0.683054327965, 0.335736900568, 0.352873563766, 0.265306323767, 0.164658606052, 0.245131924748, 0.254696547985, 0.195222705603, 0.27411955595, 0.222155213356, 0.110792934895, 0.104813680053, 0.0954034402966, 0.0833459049463, 0.119423478842, 0.129856169224, 0.111729592085, 0.10583332181, 0.0982574820518, 0.186331316829, 0.378192484379, 0.331426173449, 0.170615285635, 0.188429653645, 0.218429177999, 0.195078790188, 0.15768994391, 0.131011918187, 0.184434399009, 0.296100437641, 0.227666079998, 0.129705637693, 0.144144237041, 0.167635679245, 0.566937327385]
    chords_key: "A"
    chords_scale: "minor"
