
metadata:
    version:
        essentia: "2.1-beta5-dev"
        essentia_git_sha: "v2.1_beta4-403-g72928a8c"
        extractor: "music 2.0"
    audio_properties:
        analysis:
            equal_loudness: 0
            length: 217.678359985
            sample_rate: 44100
            start_time: 0
            downmix: "mix"
        bit_rate: 128000
        length: 217.678359985
        lossless: 0
        number_channels: 2
        replay_gain: -15.1152954102
        sample_rate: 44100
        codec: "mp3"
        md5_encoded: "d380726ae5fc8d4d576a363058600206"
    tags:
        file_name: "TrippyF#m.mp3"

lowlevel:
    average_loudness: 0.966086685658
    barkbands_crest:
        mean: 15.0337562561
        stdev: 5.26801395416
    barkbands_flatness_db:
        mean: 0.160144403577
        stdev: 0.115064665675
    barkbands_kurtosis:
        mean: 5.38101959229
        stdev: 10.0286626816
    barkbands_skewness:
        mean: 1.96363198757
        stdev: 1.39746451378
    barkbands_spread:
        mean: 32.8915100098
        stdev: 21.1825046539
    dissonance:
        mean: 0.467426240444
        stdev: 0.0442659519613
    dynamic_complexity: 1.63143885136
    erbbands_crest:
        mean: 8.28595256805
        stdev: 4.53739690781
    erbbands_flatness_db:
        mean: 0.135579869151
        stdev: 0.104664839804
    erbbands_kurtosis:
        mean: 0.311945080757
        stdev: 1.97316980362
    erbbands_skewness:
        mean: 0.0992231667042
        stdev: 0.669496297836
    erbbands_spread:
        mean: 48.6935119629
        stdev: 23.5885982513
    hfc:
        mean: 46.0870056152
        stdev: 42.729598999
    loudness_ebu128:
        integrated: -6.60923814774
        loudness_range: 2.22759056091
        momentary:
            mean: -6.96376752853
            stdev: 2.00417041779
        short_term:
            mean: -6.82995700836
            stdev: 1.61812949181
    melbands_crest:
        mean: 24.6709022522
        stdev: 8.05302238464
    melbands_flatness_db:
        mean: 0.234420672059
        stdev: 0.13371412456
    melbands_kurtosis:
        mean: 29.9874076843
        stdev: 50.4340324402
    melbands_skewness:
        mean: 4.13496208191
        stdev: 2.83114337921
    melbands_spread:
        mean: 22.8062286377
        stdev: 19.5205001831
    pitch_salience:
        mean: 0.412291944027
        stdev: 0.156639397144
    silence_rate_20dB:
        mean: 1
        stdev: 0
    silence_rate_30dB:
        mean: 0.988801181316
        stdev: 0.105226330459
    silence_rate_60dB:
        mean: 0.019091296941
        stdev: 0.136852264404
    spectral_centroid:
        mean: 1875.52770996
        stdev: 832.521972656
    spectral_complexity:
        mean: 21.2111778259
        stdev: 12.5027046204
    spectral_decrease:
        mean: -1.26922650168e-08
        stdev: 6.57861320974e-09
    spectral_energy:
        mean: 0.0520837754011
        stdev: 0.0260282251984
    spectral_energyband_high:
        mean: 0.00375440297648
        stdev: 0.00428587198257
    spectral_energyband_low:
        mean: 0.0355774499476
        stdev: 0.0239233002067
    spectral_energyband_middle_high:
        mean: 0.00594539754093
        stdev: 0.00640145130455
    spectral_energyband_middle_low:
        mean: 0.00750497821718
        stdev: 0.00774331903085
    spectral_entropy:
        mean: 7.97121953964
        stdev: 0.826026678085
    spectral_flux:
        mean: 0.100559018552
        stdev: 0.0516119673848
    spectral_kurtosis:
        mean: 27.2026195526
        stdev: 143.961410522
    spectral_rms:
        mean: 0.00682247802615
        stdev: 0.00206570862792
    spectral_rolloff:
        mean: 1763.62597656
        stdev: 2208.28466797
    spectral_skewness:
        mean: 2.03684473038
        stdev: 4.0612411499
    spectral_spread:
        mean: 6752941
        stdev: 2644446.5
    spectral_strongpeak:
        mean: 0.583509087563
        stdev: 0.640976965427
    zerocrossingrate:
        mean: 0.0730693414807
        stdev: 0.0481597930193
    barkbands:
        mean: [0.00316695752554, 0.0294623449445, 0.00232273596339, 0.00130387616809, 0.0016584340483, 0.00107619178016, 0.000804651121143, 0.000843028188683, 0.0016382499598, 0.000550287892111, 0.00100700219627, 0.000807779433671, 0.000884026812855, 0.000702774850652, 0.000501779431943, 0.000391456618672, 0.000270738091785, 0.00037240984966, 0.000364511390217, 0.000454545428511, 0.000515169173013, 0.000503643939737, 0.000634183699731, 0.000686484389007, 0.000582912121899, 0.000519438588526, 5.81369313295e-05]
        stdev: [0.00330930063501, 0.020935356617, 0.00717374822125, 0.00283947237767, 0.00301708560437, 0.00184334488586, 0.00194821995683, 0.00177458673716, 0.00230873981491, 0.000947498541791, 0.00194552901667, 0.00136354588903, 0.0017406407278, 0.00166084046941, 0.00118080619723, 0.000761849281844, 0.000430846732343, 0.000725796853658, 0.000553880061489, 0.000861566048115, 0.000803359318525, 0.000717970135156, 0.000713379122317, 0.000790130696259, 0.000724112265743, 0.00078633526573, 0.000110526591016]
    erbbands:
        mean: [1.4866758585, 4.02921915054, 3.06022644043, 3.7737133503, 4.94144392014, 5.41412878036, 6.54024028778, 9.87983989716, 9.29911518097, 17.7722034454, 18.514787674, 32.0278015137, 30.3414402008, 23.9641780853, 44.4291229248, 30.4932479858, 38.0116577148, 39.6686210632, 29.8196163177, 26.1139411926, 20.3234729767, 15.5751056671, 20.0435829163, 18.4358997345, 19.5161628723, 21.6591453552, 21.1473884583, 19.7117805481, 18.4986991882, 17.2250480652, 18.4036808014, 15.6627130508, 10.5337238312, 6.63059663773, 4.0582318306, 2.35703873634, 0.951539754868, 0.18531614542, 0.00638832012191, 0.000209152771276]
        stdev: [1.12309992313, 3.6034758091, 7.7652926445, 8.90973472595, 9.26963615417, 10.443772316, 11.23133564, 18.8902072906, 24.1152858734, 41.0956687927, 32.0119018555, 45.7156829834, 46.9224967957, 36.4501647949, 71.6708145142, 46.6037216187, 83.0134124756, 57.0444755554, 100.022201538, 48.8600997925, 33.1143112183, 23.6424407959, 39.3028869629, 30.6515712738, 30.5032539368, 43.4562835693, 33.8372116089, 30.8453445435, 27.338344574, 22.4459190369, 20.7103214264, 17.8584022522, 11.9159135818, 7.90514135361, 5.36781597137, 3.47336125374, 1.48009002209, 0.307154119015, 0.0115040475503, 0.000248344964348]
    gfcc:
        mean: [29.7082653046, 50.2441062927, -90.9933853149, 30.8889045715, -52.2381477356, 37.5828742981, -25.5974121094, 18.778263092, -19.0237178802, 11.9961957932, -13.3552370071, 4.74314880371, -10.6565237045]
        cov: [[13551.6132812, -5032.31005859, -1401.16699219, 1669.31481934, 275.338653564, 1783.26672363, 186.520141602, 1332.87475586, 73.256149292, 1018.42871094, -145.96434021, 781.934753418, -193.305099487], [-5032.31005859, 3660.26245117, 714.236206055, -1056.05871582, -218.430953979, -893.816040039, -107.724319458, -702.364196777, -100.765922546, -508.970031738, 131.799789429, -328.862243652, 176.698974609], [-1401.16699219, 714.236206055, 2037.74719238, -96.9169616699, 64.0319442749, -210.425292969, -67.0400924683, -91.8942718506, -56.9288063049, -78.7190704346, -79.5883407593, 47.0235671997, -56.5164604187], [1669.31481934, -1056.05871582, -96.9169616699, 1074.05358887, 309.726928711, 530.004211426, 190.884246826, 380.151885986, 134.065383911, 220.582397461, 30.1546096802, 83.6746749878, 12.6052961349], [275.338653564, -218.430953979, 64.0319442749, 309.726928711, 377.131713867, 273.320556641, 166.347381592, 141.542114258, 75.4049911499, 59.6197319031, 9.10260772705, 16.1364307404, 13.7024068832], [1783.26672363, -893.816040039, -210.425292969, 530.004211426, 273.320556641, 678.581298828, 235.849700928, 365.390441895, 112.091201782, 186.328125, -5.31784772873, 88.1338729858, -0.871968626976], [186.520141602, -107.724319458, -67.0400924683, 190.884246826, 166.347381592, 235.849700928, 270.273101807, 190.725158691, 110.768089294, 57.3820610046, 30.2898101807, -6.71678209305, 30.6078224182], [1332.87475586, -702.364196777, -91.8942718506, 380.151885986, 141.542114258, 365.390441895, 190.725158691, 378.763427734, 155.864379883, 180.883865356, 0.0814540088177, 70.3932113647, -9.44226455688], [73.256149292, -100.765922546, -56.9288063049, 134.065383911, 75.4049911499, 112.091201782, 110.768089294, 155.864379883, 182.852844238, 98.6814575195, 40.948059082, -18.4853420258, 15.1963796616], [1018.42871094, -508.970031738, -78.7190704346, 220.582397461, 59.6197319031, 186.328125, 57.3820610046, 180.883865356, 98.6814575195, 197.543823242, 47.2601699829, 76.2920837402, -22.6526126862], [-145.96434021, 131.799789429, -79.5883407593, 30.1546096802, 9.10260772705, -5.31784772873, 30.2898101807, 0.0814540088177, 40.948059082, 47.2601699829, 124.440589905, 37.9990501404, 36.6007118225], [781.934753418, -328.862243652, 47.0235671997, 83.6746749878, 16.1364307404, 88.1338729858, -6.71678209305, 70.3932113647, -18.4853420258, 76.2920837402, 37.9990501404, 161.662155151, 31.3799266815], [-193.305099487, 176.698974609, -56.5164604187, 12.6052961349, 13.7024068832, -0.871968626976, 30.6078224182, -9.44226455688, 15.1963796616, -22.6526126862, 36.6007118225, 31.3799266815, 106.56665802]]
        icov: [[0.000330063980073, -7.37867521821e-05, 0.000243268936174, -0.000102629026514, 0.000136931077577, -0.000307930982672, 0.0002202152682, -0.000539037573617, 0.000690093380399, -0.00113352620974, 0.000988138490357, -0.00105501804501, 0.000363004626706], [-7.37867521821e-05, 0.00125891412608, -0.000585885194596, 0.000689459557179, -0.000135845213663, 0.000258156156633, -0.000223573399126, 0.000448738312116, -3.94783164666e-05, 0.00142300245352, -0.0026403053198, 0.00274869869463, -0.00208443007432], [0.000243268936174, -0.000585885194596, 0.00101776141673, -0.000449476763606, -0.000159422954312, 0.000100614270195, 5.34998653166e-05, -0.000305971741909, -2.59215012193e-05, -0.000883474072907, 0.00233773631044, -0.00282605388202, 0.00182966794819], [-0.000102629026514, 0.000689459557179, -0.000449476763606, 0.0023655674886, -0.00106962025166, -0.000462392024929, 0.000815222680103, -0.00142935372423, 0.00104327988811, -3.22296473314e-05, -0.00241817953065, 0.00296442746185, -0.00227259588428], [0.000136931077577, -0.000135845213663, -0.000159422954312, -0.00106962025166, 0.00509754009545, -0.00166288786568, -0.00223917048424, 0.00194183620624, -0.00124792614952, -1.78702866833e-05, 0.00116984290071, -0.00145622272976, 0.000862907618284], [-0.000307930982672, 0.000258156156633, 0.000100614270195, -0.000462392024929, -0.00166288786568, 0.00504524400458, -0.0017189248465, -0.00183669023681, 0.00101131538395, -9.91457345663e-05, -6.55531357552e-06, 0.000658451288473, -0.000649426190648], [0.0002202152682, -0.000223573399126, 5.34998653166e-05, 0.000815222680103, -0.00223917048424, -0.0017189248465, 0.0102186799049, -0.00618106639013, 0.000574772246182, 0.00153525290079, -0.00308758486062, 0.00277819950134, -0.00201994739473], [-0.000539037573617, 0.000448738312116, -0.000305971741909, -0.00142935372423, 0.00194183620624, -0.00183669023681, -0.00618106639013, 0.01581723243, -0.00908857397735, -0.000812403217424, 0.00424615480006, -0.00403993111104, 0.0020516323857], [0.000690093380399, -3.94783164666e-05, -2.59215012193e-05, 0.00104327988811, -0.00124792614952, 0.00101131538395, 0.000574772246182, -0.00908857397735, 0.0190291963518, -0.0100229717791, -0.00264069670811, 0.00829554442316, -0.00600143522024], [-0.00113352620974, 0.00142300245352, -0.000883474072907, -3.22296473314e-05, -1.78702866833e-05, -9.91457345663e-05, 0.00153525290079, -0.000812403217424, -0.0100229717791, 0.0233044475317, -0.0103136431426, -0.00156468653586, 0.00499423220754], [0.000988138490357, -0.0026403053198, 0.00233773631044, -0.00241817953065, 0.00116984290071, -6.55531357552e-06, -0.00308758486062, 0.00424615480006, -0.00264069670811, -0.0103136431426, 0.0225926041603, -0.013009221293, 0.00306415860541], [-0.00105501804501, 0.00274869869463, -0.00282605388202, 0.00296442746185, -0.00145622272976, 0.000658451288473, 0.00277819950134, -0.00403993111104, 0.00829554442316, -0.00156468653586, -0.013009221293, 0.0252456665039, -0.013765453361], [0.000363004626706, -0.00208443007432, 0.00182966794819, -0.00227259588428, 0.000862907618284, -0.000649426190648, -0.00201994739473, 0.0020516323857, -0.00600143522024, 0.00499423220754, 0.00306415860541, -0.013765453361, 0.0203017480671]]
    melbands:
        mean: [0.0102333631366, 0.00271827261895, 0.000700831238646, 0.000371876754798, 0.000235677245655, 0.000214332714677, 0.000150362262502, 0.000198554436793, 0.00015158035967, 0.000223035007366, 0.000149160856381, 8.77941856743e-05, 0.000156231806614, 0.0001035254827, 6.87752253725e-05, 9.29199013626e-05, 6.71685120324e-05, 4.9344576837e-05, 3.54720141331e-05, 3.17434351018e-05, 2.16479402297e-05, 1.59993305715e-05, 1.58577240654e-05, 1.87049645319e-05, 1.43047318488e-05, 1.39366957228e-05, 1.45402709677e-05, 1.42733160828e-05, 1.35512364068e-05, 1.15532848213e-05, 1.14172635222e-05, 1.02116910057e-05, 9.8011441878e-06, 9.69788288785e-06, 9.7858155641e-06, 1.1730312508e-05, 8.74869419931e-06, 7.01594763086e-06, 7.01739463693e-06, 5.1787992561e-06]
        stdev: [0.00735166948289, 0.00368653098121, 0.00148595217615, 0.00071784213651, 0.000393332767999, 0.00039805364213, 0.000367871340131, 0.000449903222034, 0.000255961582297, 0.00031796831172, 0.000237638145336, 0.000143476849189, 0.00028950520209, 0.000181201015948, 0.000146834165207, 0.000166765137692, 9.97164315777e-05, 0.000197203713469, 8.23894370114e-05, 6.59528959659e-05, 3.52605238731e-05, 2.56714174611e-05, 2.96619473374e-05, 3.59551049769e-05, 2.43664508162e-05, 2.1344403649e-05, 2.69256033789e-05, 3.00559677271e-05, 2.16237458517e-05, 1.84263226402e-05, 1.88790490938e-05, 1.57285467139e-05, 1.37056031235e-05, 1.34358442665e-05, 1.14484755613e-05, 1.33983185151e-05, 1.01307005025e-05, 7.85416432336e-06, 8.71020529303e-06, 6.26126029601e-06]
    melbands128:
        mean: [0.00309531786479, 0.0142852291465, 0.0121067427099, 0.00484056351706, 0.00170103111304, 0.00107515230775, 0.00076416018419, 0.000625870830845, 0.000503918272443, 0.000365231273463, 0.000303249311401, 0.000255510269199, 0.000210940925172, 0.000217951397644, 0.000242403548327, 0.000211042381125, 0.000126612256281, 0.00013367657084, 0.000162930824445, 0.000224105577217, 0.000199163900106, 0.000171282648807, 0.000120728880574, 0.000155481029651, 0.000186184828635, 0.000253658217844, 0.000313714990625, 9.24466949073e-05, 6.70692388667e-05, 8.03993971203e-05, 7.24910059944e-05, 0.000142532648169, 0.000213050763705, 0.000103841572127, 0.000145604106365, 9.6226700407e-05, 5.69900948904e-05, 5.48566786165e-05, 8.92134266905e-05, 8.38607011246e-05, 6.93314505043e-05, 0.000146164034959, 6.16152901785e-05, 3.47348577634e-05, 5.14451021445e-05, 5.67677016079e-05, 4.03621306759e-05, 3.18981001328e-05, 3.49104957422e-05, 4.12507542933e-05, 2.79650521406e-05, 2.62996545644e-05, 2.65261696768e-05, 1.73829394043e-05, 1.67065736605e-05, 1.70217208506e-05, 1.37697725222e-05, 1.34423034979e-05, 1.77902202267e-05, 1.89201946341e-05, 2.06941931538e-05, 1.66907466337e-05, 1.4219222976e-05, 1.39515332194e-05, 1.36704402394e-05, 1.44056211866e-05, 1.34938645715e-05, 1.39396233862e-05, 1.57270751515e-05, 1.34912979775e-05, 1.58579368872e-05, 1.28062192744e-05, 1.38635759868e-05, 1.41816590258e-05, 1.2302891264e-05, 1.21118027891e-05, 1.07302603283e-05, 1.15656803246e-05, 1.2286493984e-05, 1.03659185697e-05, 9.20989350561e-06, 1.11006402221e-05, 1.04586906673e-05, 1.00711176856e-05, 8.83354914549e-06, 9.06063178263e-06, 1.07447367554e-05, 8.94596269063e-06, 8.48257695907e-06, 1.11453928184e-05, 1.31738788696e-05, 1.20297308968e-05, 9.68476615526e-06, 9.65894741967e-06, 7.14857878847e-06, 6.22776587988e-06, 6.97549558026e-06, 8.24635571917e-06, 7.40687983125e-06, 6.53019333186e-06, 4.96421853313e-06, 5.23353992321e-06, 4.83531039208e-06, 4.7150942919e-06, 4.35366746387e-06, 4.26436145062e-06, 5.28960526935e-06, 4.003630238e-06, 4.28044859291e-06, 3.61175762009e-06, 3.70631823898e-06, 3.58361830877e-06, 3.21274342241e-06, 2.34147501033e-06, 2.24679070016e-06, 1.6610736111e-06, 1.38205723488e-06, 9.9767021311e-07, 2.10094995623e-07, 5.85688386678e-10, 5.47641043624e-10, 5.33419475257e-10, 5.35868627249e-10, 5.40840150443e-10, 5.29464527776e-10, 5.29638721769e-10, 5.23856513723e-10, 5.22688836657e-10]
        stdev: [0.00322206551209, 0.011493367143, 0.00954649783671, 0.00550617417321, 0.00455143582076, 0.00328997080214, 0.00200448022224, 0.00127236556727, 0.00101201538928, 0.000930284149945, 0.000673456001095, 0.000509148463607, 0.000440596195403, 0.000452246633358, 0.000523571332451, 0.000520869682077, 0.000456025998574, 0.000439316732809, 0.000446802150691, 0.000601870124228, 0.000548482581507, 0.000395440903958, 0.000290857482469, 0.00034835113911, 0.000415703194449, 0.000451602303656, 0.000638870813418, 0.000186355886399, 0.000149092185893, 0.000184017539141, 0.000160059295013, 0.000312119693263, 0.000509726232849, 0.000221740978304, 0.000345064792782, 0.000198188397917, 0.000134679663461, 0.000145707002957, 0.000233985250816, 0.000323122221744, 0.000149963438162, 0.000249573262408, 0.00010695157107, 8.25577153591e-05, 0.000253411009908, 0.000296207756037, 0.000176778368768, 0.000115135342639, 6.96426213835e-05, 9.29631059989e-05, 8.58726925799e-05, 7.63252610341e-05, 4.58051581518e-05, 3.44998952642e-05, 3.41890045092e-05, 3.31003648171e-05, 2.42170499405e-05, 2.41504894802e-05, 4.79543850815e-05, 4.61984127469e-05, 4.17021146859e-05, 3.34940159519e-05, 2.91245269182e-05, 2.41253164859e-05, 2.50109387707e-05, 2.62839439529e-05, 2.12037139136e-05, 2.36113592109e-05, 3.806874156e-05, 2.98563845718e-05, 4.3339736294e-05, 2.42391452048e-05, 2.42347177846e-05, 2.45735736826e-05, 2.35427614825e-05, 2.42027526838e-05, 1.71028150362e-05, 1.85502449312e-05, 2.33039390878e-05, 1.91247836483e-05, 1.48151075337e-05, 1.82622079592e-05, 1.76823359652e-05, 1.44948126035e-05, 1.27558478198e-05, 1.44597834151e-05, 1.65052515513e-05, 1.20595404951e-05, 1.10722030513e-05, 1.38089226311e-05, 1.66502413776e-05, 1.42768712976e-05, 1.33624926093e-05, 1.20841605167e-05, 9.14511201699e-06, 7.29547309675e-06, 8.4598268586e-06, 1.13009537017e-05, 9.59874341788e-06, 8.62463184603e-06, 6.34876096228e-06, 6.8045505941e-06, 6.26569317319e-06, 6.61361946186e-06, 6.04087972533e-06, 6.12877784079e-06, 8.68562165124e-06, 5.911419521e-06, 6.80219363858e-06, 5.52987194169e-06, 5.68791392652e-06, 5.93853792452e-06, 5.3159978961e-06, 3.79481730306e-06, 3.7408233311e-06, 2.88947626359e-06, 2.68463350039e-06, 2.11721135202e-06, 5.55903966415e-07, 2.15616968724e-09, 2.14804596332e-09, 2.05146388765e-09, 2.0427057823e-09, 2.11381911974e-09, 1.98149008312e-09, 2.01999439398e-09, 1.97346161634e-09, 2.03115702035e-09]
    mfcc:
        mean: [-615.883117676, 82.7526626587, 21.3329086304, 10.6590795517, 8.09994888306, 17.1871261597, 11.7501220703, 10.9293403625, 6.51098203659, 11.0961856842, 5.4299826622, 5.26383447647, 0.904575824738]
        cov: [[9022.25878906, -2164.73120117, -970.853942871, -193.418045044, 283.355529785, 542.304931641, 540.936828613, 579.930297852, 505.930877686, 532.432128906, 418.938049316, 373.088897705, 327.135894775], [-2164.73120117, 2007.32226562, 393.285369873, -185.546463013, -272.290527344, -300.162628174, -223.470855713, -272.953308105, -260.086334229, -296.546417236, -235.37322998, -190.89781189, -73.0252990723], [-970.853942871, 393.285369873, 1181.55969238, 258.278015137, 144.506820679, -45.3374176025, -49.9631614685, -21.0672225952, -44.6536941528, -67.4044189453, -51.1523017883, -58.4831008911, -9.05395030975], [-193.418045044, -185.546463013, 258.278015137, 478.256591797, 210.82572937, 91.7197189331, 78.3864898682, 56.0927047729, 74.9469070435, 56.836479187, 58.1792678833, 56.1123924255, 15.2231798172], [283.355529785, -272.290527344, 144.506820679, 210.82572937, 335.34286499, 213.110977173, 138.05581665, 136.691436768, 110.880455017, 121.258346558, 78.4174194336, 51.055316925, 27.765750885], [542.304931641, -300.162628174, -45.3374176025, 91.7197189331, 213.110977173, 301.132965088, 219.60017395, 174.801437378, 145.276687622, 137.967987061, 99.5044403076, 73.4507217407, 25.2859725952], [540.936828613, -223.470855713, -49.9631614685, 78.3864898682, 138.05581665, 219.60017395, 272.117340088, 210.223312378, 155.965621948, 129.293991089, 96.2987670898, 82.2216033936, 27.5689239502], [579.930297852, -272.953308105, -21.0672225952, 56.0927047729, 136.691436768, 174.801437378, 210.223312378, 257.477233887, 197.476318359, 159.457122803, 101.256820679, 74.7141189575, 37.3869590759], [505.930877686, -260.086334229, -44.6536941528, 74.9469070435, 110.880455017, 145.276687622, 155.965621948, 197.476318359, 238.314529419, 193.573120117, 123.339134216, 75.6634063721, 18.8450889587], [532.432128906, -296.546417236, -67.4044189453, 56.836479187, 121.258346558, 137.967987061, 129.293991089, 159.457122803, 193.573120117, 245.750579834, 169.162033081, 92.0624237061, 18.032169342], [418.938049316, -235.37322998, -51.1523017883, 58.1792678833, 78.4174194336, 99.5044403076, 96.2987670898, 101.256820679, 123.339134216, 169.162033081, 193.984863281, 125.765319824, 18.9198284149], [373.088897705, -190.89781189, -58.4831008911, 56.1123924255, 51.055316925, 73.4507217407, 82.2216033936, 74.7141189575, 75.6634063721, 92.0624237061, 125.765319824, 155.105651855, 67.4742279053], [327.135894775, -73.0252990723, -9.05395030975, 15.2231798172, 27.765750885, 25.2859725952, 27.5689239502, 37.3869590759, 18.8450889587, 18.032169342, 18.9198284149, 67.4742279053, 121.665023804]]
        icov: [[0.000192047897144, 0.000161024552654, 5.53956888325e-05, 0.000179812152055, -2.58045056398e-05, 1.68101068994e-05, -0.000204807394766, 3.1616378692e-05, -0.000119651609566, 4.7767032811e-05, -0.000216999746044, 0.000192200386664, -0.000460415234556], [0.000161024552654, 0.000883988686837, -0.000252069439739, 0.000420532131102, 0.000151654006913, 0.000407995248679, -0.000784465752076, 0.000734988134354, -0.000346434972016, 0.000395225913962, -0.000134734116727, 0.000488026737003, -0.000395883165766], [5.53956888325e-05, -0.000252069439739, 0.00124761089683, -0.000562934728805, -0.000741636788007, 0.000440279283794, 0.000357917975634, -0.000724494748283, 0.000192392413737, 0.00047667461331, -0.000580347434152, 0.000643010949716, -0.000284495647065], [0.000179812152055, 0.000420532131102, -0.000562934728805, 0.00392953818664, -0.00275573856197, 0.00159601506311, -0.00194787397049, 0.00251306314021, -0.00243997946382, 0.00140937825199, -0.000318697071634, -0.000937246659305, -5.99173763476e-05], [-2.58045056398e-05, 0.000151654006913, -0.000741636788007, -0.00275573856197, 0.00909797754139, -0.00640504946932, 0.00300670042634, -0.0031191946473, 0.00303532555699, -0.00300842151046, 0.000852177501656, 0.000794784398749, -0.00061545369681], [1.68101068994e-05, 0.000407995248679, 0.000440279283794, 0.00159601506311, -0.00640504946932, 0.0135318413377, -0.00915482640266, 0.00332906097174, -0.00224425620399, 0.000617701676674, -0.0008692824631, 0.00049909146037, -0.000151969055878], [-0.000204807394766, -0.000784465752076, 0.000357917975634, -0.00194787397049, 0.00300670042634, -0.00915482640266, 0.017849676311, -0.0119702909142, 0.0028411608655, 0.000292527489364, 0.000889603921678, -0.003316442715, 0.00241791480221], [3.1616378692e-05, 0.000734988134354, -0.000724494748283, 0.00251306314021, -0.0031191946473, 0.00332906097174, -0.0119702909142, 0.021767154336, -0.0120035465807, 0.000810140452813, 0.000338110665325, 0.00138392765075, -0.00304964440875], [-0.000119651609566, -0.000346434972016, 0.000192392413737, -0.00243997946382, 0.00303532555699, -0.00224425620399, 0.0028411608655, -0.0120035465807, 0.0214825198054, -0.0121324425563, 0.00315078813583, -0.00159881287254, 0.00211933511309], [4.7767032811e-05, 0.000395225913962, 0.00047667461331, 0.00140937825199, -0.00300842151046, 0.000617701676674, 0.000292527489364, 0.000810140452813, -0.0121324425563, 0.0228342562914, -0.0155787272379, 0.0061944546178, -0.00230698287487], [-0.000216999746044, -0.000134734116727, -0.000580347434152, -0.000318697071634, 0.000852177501656, -0.0008692824631, 0.000889603921678, 0.000338110665325, 0.00315078813583, -0.0155787272379, 0.0275901053101, -0.0183409713209, 0.00788216479123], [0.000192200386664, 0.000488026737003, 0.000643010949716, -0.000937246659305, 0.000794784398749, 0.00049909146037, -0.003316442715, 0.00138392765075, -0.00159881287254, 0.0061944546178, -0.0183409713209, 0.0247697718441, -0.0115729924291], [-0.000460415234556, -0.000395883165766, -0.000284495647065, -5.99173763476e-05, -0.00061545369681, -0.000151969055878, 0.00241791480221, -0.00304964440875, 0.00211933511309, -0.00230698287487, 0.00788216479123, -0.0115729924291, 0.0149734439328]]
    spectral_contrast_coeffs:
        mean: [-0.732989013195, -0.769809007645, -0.757876157761, -0.796786546707, -0.814502954483, -0.785086870193]
        stdev: [0.0759988278151, 0.0805573239923, 0.0714477449656, 0.0534173734486, 0.0415800474584, 0.0484182089567]
    spectral_contrast_valleys:
        mean: [-6.79949808121, -6.88081026077, -7.2331495285, -7.4595541954, -7.40277862549, -9.25664806366]
        stdev: [1.07648551464, 0.991101741791, 1.14155697823, 1.37575173378, 1.61854243279, 1.6321823597]

rhythm:
    beats_count: 542
    beats_loudness:
        mean: 0.060948073864
        stdev: 0.0278477426618
    bpm: 150.039962769
    bpm_histogram_first_peak_bpm: 152
    bpm_histogram_first_peak_weight: 0.454023003578
    bpm_histogram_second_peak_bpm: 140
    bpm_histogram_second_peak_spread: 0.555555582047
    bpm_histogram_second_peak_weight: 0.014787430875
    danceability: 1.12577569485
    onset_rate: 3.92285323143
    beats_loudness_band_ratio:
        mean: [0.590826690197, 0.0654885470867, 0.0705918297172, 0.106638550758, 0.0586012750864, 0.12489861995]
        stdev: [0.262050509453, 0.114361107349, 0.0829165428877, 0.104545935988, 0.0653026625514, 0.118493370712]
    beats_position: [0.406349211931, 0.835918366909, 1.25387752056, 1.66022670269, 2.06657600403, 2.47292518616, 2.87927436829, 3.27401351929, 3.68036270142, 4.08671188354, 4.48145103455, 4.87619018555, 5.27092981339, 5.66566896439, 6.07201814651, 6.47836732864, 6.87310647964, 7.26784563065, 7.66258478165, 8.06893444061, 8.46367359161, 8.87002277374, 9.26476192474, 9.65950107574, 10.0542402267, 10.4605894089, 10.866938591, 11.261677742, 11.656416893, 12.051156044, 12.4575052261, 12.8638544083, 13.2585935593, 13.6533327103, 14.0480718613, 14.4544210434, 14.8607711792, 15.2555103302, 15.6618595123, 16.0682086945, 16.4629478455, 16.8576869965, 17.2524261475, 17.6587753296, 18.0651245117, 18.4598636627, 18.8546028137, 19.2609519958, 19.667301178, 20.062040329, 20.45677948, 20.851518631, 21.2578678131, 21.6642169952, 22.0589561462, 22.4536952972, 22.8600444794, 23.2663936615, 23.6611328125, 24.0558719635, 24.4622211456, 24.8685703278, 25.2633094788, 25.6580486298, 26.0643978119, 26.470746994, 26.865486145, 27.2602272034, 27.6549663544, 28.0613155365, 28.4676647186, 28.8624038696, 29.2571430206, 29.6518821716, 30.0582313538, 30.4645805359, 30.8593196869, 31.2540588379, 31.66040802, 32.0667572021, 32.4614944458, 32.8562355042, 33.2509727478, 33.6573219299, 34.0636711121, 34.4584121704, 34.8531494141, 35.2594985962, 35.6658477783, 36.0605888367, 36.455329895, 36.8616790771, 37.2680282593, 37.6627655029, 38.0691146851, 38.4638557434, 38.8585929871, 39.2649421692, 39.6596832275, 40.0544204712, 40.4491615295, 40.8555107117, 41.2618598938, 41.6565971375, 42.0513381958, 42.4576873779, 42.8640365601, 43.2587738037, 43.6535148621, 44.0598640442, 44.4662132263, 44.86095047, 45.2556915283, 45.650428772, 46.0567779541, 46.4631271362, 46.8578681946, 47.2526054382, 47.6589546204, 48.0653038025, 48.4600448608, 48.8547821045, 49.2495231628, 49.655872345, 50.0506095886, 50.4569587708, 50.8633079529, 51.269657135, 51.6643981934, 52.0591392517, 52.4538764954, 52.871837616, 53.2665748596, 53.661315918, 54.0560531616, 54.4624023438, 54.8687515259, 55.2634925842, 55.6582298279, 56.0529708862, 56.4593200684, 56.8656692505, 57.2604064941, 57.6551475525, 58.0614967346, 58.4678459167, 58.8625831604, 59.2573242188, 59.6636734009, 60.070022583, 60.4647598267, 60.859500885, 61.2542381287, 61.6605873108, 62.0669364929, 62.4616775513, 62.8564147949, 63.2511558533, 63.6458930969, 64.0638504028, 64.4585952759, 64.8533325195, 65.2596817017, 65.6660308838, 66.0607681274, 66.4555053711, 66.8618545532, 67.2682037354, 67.6629486084, 68.0576858521, 68.4640350342, 68.8703842163, 69.26512146, 69.659866333, 70.0662155151, 70.4725646973, 70.8673019409, 71.2620391846, 71.6683883667, 72.0747375488, 72.4694747925, 72.8642196655, 73.2705688477, 73.6769180298, 74.0716552734, 74.4663925171, 74.8727416992, 75.2674789429, 75.6622238159, 76.068572998, 76.4633102417, 76.8580474854, 77.2643966675, 77.6707458496, 78.0654830933, 78.4602279663, 78.85496521, 79.2497024536, 79.6560516357, 80.0624008179, 80.4571380615, 80.8518829346, 81.2582321167, 81.6645812988, 82.0593185425, 82.4540557861, 82.8604049683, 83.2667541504, 83.661491394, 84.0562362671, 84.4625854492, 84.8689346313, 85.263671875, 85.6584091187, 86.0647583008, 86.4711074829, 86.865852356, 87.2605895996, 87.6553268433, 88.0616760254, 88.4680252075, 88.8627624512, 89.2575073242, 89.6638565063, 90.0702056885, 90.4649429321, 90.8596801758, 91.2544174194, 91.6607666016, 92.0671157837, 92.4618606567, 92.8565979004, 93.2629470825, 93.6692962646, 94.0640335083, 94.458770752, 94.853515625, 95.2598648071, 95.6662139893, 96.0609512329, 96.467300415, 96.8736495972, 97.2683868408, 97.6631240845, 98.0578689575, 98.4642181396, 98.8705673218, 99.2653045654, 99.6600418091, 100.054779053, 100.461128235, 100.855873108, 101.26222229, 101.656959534, 102.063308716, 102.469657898, 102.864395142, 103.259140015, 103.653877258, 104.06022644, 104.466575623, 104.861312866, 105.25605011, 105.662399292, 106.068748474, 106.463493347, 106.858230591, 107.264579773, 107.659317017, 108.065666199, 108.460403442, 108.866752625, 109.273101807, 109.66784668, 110.062583923, 110.457321167, 110.863670349, 111.270019531, 111.664756775, 112.059501648, 112.46585083, 112.860588074, 113.266937256, 113.6616745, 114.056411743, 114.474372864, 114.869110107, 115.26385498, 115.658592224, 116.053329468, 116.448066711, 116.854415894, 117.260765076, 117.655509949, 118.050247192, 118.456596375, 118.862945557, 119.2576828, 119.652427673, 120.058776855, 120.465126038, 120.859863281, 121.254600525, 121.649337769, 122.055686951, 122.462036133, 122.856781006, 123.25151825, 123.657867432, 124.064216614, 124.458953857, 124.853691101, 125.260040283, 125.666389465, 126.061134338, 126.455871582, 126.862220764, 127.268569946, 127.66330719, 128.058044434, 128.464401245, 128.870742798, 129.265487671, 129.660217285, 130.054962158, 130.46131897, 130.867660522, 131.262405396, 131.65713501, 132.051879883, 132.458221436, 132.864578247, 133.25932312, 133.654052734, 134.060409546, 134.466751099, 134.861495972, 135.256240845, 135.662582397, 136.068939209, 136.463668823, 136.858413696, 137.264755249, 137.671112061, 138.065841675, 138.460586548, 138.855331421, 139.261672974, 139.668029785, 140.062759399, 140.469116211, 140.863845825, 141.270202637, 141.66494751, 142.071289062, 142.477645874, 142.872375488, 143.267120361, 143.661849976, 144.056594849, 144.46295166, 144.869293213, 145.264038086, 145.6587677, 146.053512573, 146.459854126, 146.866210938, 147.260955811, 147.667297363, 148.062042236, 148.468383789, 148.863128662, 149.257858276, 149.652603149, 150.058959961, 150.465301514, 150.860046387, 151.254776001, 151.672744751, 152.067474365, 152.462219238, 152.856964111, 153.251693726, 153.658050537, 154.06439209, 154.459136963, 154.865478516, 155.271835327, 155.6665802, 156.061309814, 156.456054688, 156.850784302, 157.257141113, 157.663482666, 158.058227539, 158.464584351, 158.870925903, 159.265670776, 159.660400391, 160.055145264, 160.461486816, 160.867843628, 161.262588501, 161.668930054, 162.063674927, 162.470016479, 162.864761353, 163.259490967, 163.665847778, 164.060592651, 164.466934204, 164.861679077, 165.256408691, 165.662765503, 166.057495117, 166.463851929, 166.858596802, 167.253326416, 167.659683228, 168.06602478, 168.460769653, 168.855514526, 169.250244141, 169.656600952, 170.062942505, 170.457687378, 170.852416992, 171.258773804, 171.665115356, 172.059860229, 172.454605103, 172.860946655, 173.267303467, 173.662033081, 174.056777954, 174.463119507, 174.869476318, 175.264221191, 175.658950806, 176.053695679, 176.460037231, 176.866394043, 177.261123657, 177.65586853, 178.062225342, 178.468566895, 178.874923706, 179.258041382, 179.664398193, 180.070739746, 180.465484619, 180.860229492, 181.254959106, 181.649703979, 182.056045532, 182.462402344, 182.857131958, 183.251876831, 183.658233643, 184.064575195, 184.459320068, 184.854049683, 185.248794556, 185.655151367, 186.06149292, 186.456237793, 186.862579346, 187.257324219, 187.663665771, 188.058410645, 188.464752197, 188.871109009, 189.265853882, 189.660583496, 190.055328369, 190.450057983, 190.856414795, 191.262756348, 191.669113159, 192.063858032, 192.470199585, 192.864944458, 193.259674072, 193.654418945, 194.049163818, 194.455505371, 194.861862183, 195.256591797, 195.662948608, 196.069290161, 196.464035034, 196.858764648, 197.253509521, 197.659866333, 198.054595947, 198.460952759, 198.855682373, 199.262039185, 199.656768799, 200.051513672, 200.457870483, 200.852600098, 201.258956909, 201.665298462, 202.060043335, 202.466384888, 202.872741699, 203.279083252, 203.685440063, 204.103393555, 204.532974243, 204.962539673, 205.403717041, 205.844894409, 206.251235962, 206.657592773, 207.063934326, 207.470291138, 207.865036011, 208.259765625, 208.666122437, 209.072463989, 209.467208862, 209.861953735, 210.25668335, 210.663040161, 211.069381714, 211.464126587, 211.858856201, 212.253601074, 212.659957886, 213.066299438, 213.461044312, 213.867385864, 214.285354614, 214.714920044, 215.144485474, 215.574050903, 216.003631592, 216.433197021, 216.851150513, 217.257507324]
    bpm_histogram: [0, 0, 0, 0, 0, 0, 0, 0, 0, 0, 0, 0, 0, 0, 0, 0, 0, 0, 0, 0, 0, 0, 0, 0, 0, 0, 0, 0, 0, 0, 0, 0, 0, 0, 0, 0, 0, 0, 0, 0, 0, 0, 0, 0, 0, 0, 0, 0, 0, 0, 0, 0, 0, 0, 0, 0, 0, 0, 0, 0, 0, 0, 0, 0, 0, 0, 0, 0, 0, 0, 0, 0, 0, 0, 0, 0, 0, 0, 0, 0, 0, 0, 0, 0, 0, 0, 0, 0, 0, 0, 0, 0, 0, 0, 0, 0, 0, 0, 0, 0, 0, 0, 0, 0, 0, 0, 0, 0, 0, 0, 0, 0, 0, 0, 0, 0, 0, 0, 0, 0, 0, 0, 0, 0, 0, 0, 0, 0, 0, 0, 0, 0, 0, 0, 0, 0, 0.00369685771875, 0, 0, 0, 0.014787430875, 0, 0, 0, 0.014787430875, 0, 0, 0, 0.438077628613, 0, 0, 0, 0.526802241802, 0, 0, 0, 0, 0.00184842885938, 0, 0, 0, 0, 0, 0, 0, 0, 0, 0, 0, 0, 0, 0, 0, 0, 0, 0, 0, 0, 0, 0, 0, 0, 0, 0, 0, 0, 0, 0, 0, 0, 0, 0, 0, 0, 0, 0, 0, 0, 0, 0, 0, 0, 0, 0, 0, 0, 0, 0, 0, 0, 0, 0, 0, 0, 0, 0, 0, 0, 0, 0, 0, 0, 0, 0, 0, 0, 0, 0, 0, 0, 0, 0, 0, 0, 0, 0, 0, 0, 0, 0, 0, 0, 0, 0, 0, 0, 0, 0, 0, 0]

tonal:
    chords_changes_rate: 0.0835999175906
    chords_number_rate: 0.00234591588378
    chords_strength:
        mean: 0.495467483997
        stdev: 0.0748143047094
    hpcp_crest:
        mean: 15.1058578491
        stdev: 7.06958198547
    hpcp_entropy:
        mean: 1.85740101337
        stdev: 0.815170764923
    key_edma:
        strength: 0.608781933784
        key: "B"
        scale: "minor"
    key_krumhansl:
        strength: 0.604050457478
        key: "B"
        scale: "minor"
    key_temperley:
        strength: 0.58392560482
        key: "B"
        scale: "minor"
    tuning_diatonic_strength: 0.551012694836
    tuning_equal_tempered_deviation: 0.131780609488
    tuning_frequency: 434.193115234
    tuning_nontempered_energy_ratio: 0.788873791695
    hpcp:
        mean: [0.145672947168, 0.12199704349, 0.0427276566625, 0.0365732312202, 0.0356471017003, 0.0428594984114, 0.116908125579, 0.162073612213, 0.100699134171, 0.0540451295674, 0.0437912531197, 0.0404464863241, 0.0571101345122, 0.0651573464274, 0.04572397843, 0.0377926900983, 0.0359043553472, 0.0321613997221, 0.0350597538054, 0.039096724242, 0.043891325593, 0.0816663131118, 0.118621975183, 0.0867310464382, 0.0527418106794, 0.0558730661869, 0.279479563236, 0.517111837864, 0.31958475709, 0.0791578814387, 0.0496608130634, 0.0430805832148, 0.0410444699228, 0.0442923344672, 0.0523427240551, 0.0764967352152]
        stdev: [0.309039413929, 0.267235398293, 0.137347564101, 0.117905922234, 0.115081958473, 0.129953399301, 0.223663732409, 0.313634097576, 0.196097776294, 0.150230556726, 0.128601700068, 0.118261188269, 0.127778813243, 0.141123980284, 0.111580871046, 0.11335682869, 0.113107860088, 0.105410881341, 0.111940287054, 0.119266860187, 0.127633005381, 0.177291989326, 0.263120621443, 0.193508848548, 0.155455067754, 0.164443105459, 0.292494237423, 0.455038547516, 0.292052745819, 0.176491424441, 0.146045178175, 0.135783091187, 0.130835071206, 0.139283314347, 0.151322796941, 0.178952112794]
    chords_histogram: [25.4851779938, 5.31030082703, 19.7910003662, 4.73448514938, 1.25826406479, 6.41927909851, 0.533162713051, 25.7837486267, 0.383877158165, 2.66581368446, 0.0853060334921, 0.0639795288444, 1.1729580164, 0.682448267937, 0.831733822823, 0, 0, 0.042653016746, 0.191938579082, 0.831733822823, 1.0449988842, 0.789080798626, 1.83407974243, 0.0639795288444]
    thpcp: [1, 0.618018627167, 0.153076902032, 0.0960349589586, 0.0833099931479, 0.0793725177646, 0.0856532976031, 0.10122128576, 0.14793074131, 0.281704902649, 0.2359200418, 0.0826274976134, 0.0707259625196, 0.0689349919558, 0.0828824564815, 0.226079002023, 0.313420802355, 0.194733768702, 0.104513429105, 0.0846842974424, 0.0782161280513, 0.110440589488, 0.126002430916, 0.0884218364954, 0.0730841681361, 0.0694324746728, 0.0621942840517, 0.0677991732955, 0.0756059363484, 0.0848778188229, 0.157927751541, 0.229393273592, 0.167722031474, 0.101993046701, 0.108048319817, 0.540462493896]
    chords_key: "B"
    chords_scale: "major"
